0 0.04166666666666667 0.19166666666666665 0.05 0.16515151515151516
1 0.3757575757575758 0.49166666666666664 0.2878787878787879 0.33484848484848484
1 0.30227272727272725 0.2924242424242424 0.20151515151515154 0.1636363636363637
1 0.125 0.6083333333333331 0.25 0.25000000000000017
1 0.08787878787878785 0.8545454545454538 0.1757575757575757 0.25151515151515136
1 0.25984848484848483 0.8537878787878788 0.14696969696969692 0.18939393939393936
1 0.34469696969696967 0.7280303030303031 0.18636363636363637 0.1590909090909092
1 0.35681818181818137 0.9499999999999992 0.22575757575757552 0.09999999999999983
1 0.5795454545454546 0.9196969696969697 0.17424242424242414 0.14848484848484844
1 0.7636363636363633 0.9196969696969697 0.20606060606060597 0.16060606060606067
1 0.5803030303030303 0.7333333333333333 0.14848484848484844 0.20909090909090908
1 0.6098484848484849 0.5348484848484848 0.19242424242424241 0.21515151515151523
1 0.5893939393939394 0.3272727272727273 0.24242424242424254 0.20606060606060614
1 0.7954545454545454 0.34696969696969704 0.16363636363636375 0.20303030303030303
1 0.6840909090909091 0.16893939393939392 0.18333333333333335 0.12575757575757573
1 0.9356060606060607 0.39696969696969703 0.12878787878787876 0.16666666666666663
1 0.8734848484848484 0.1621212121212121 0.17424242424242423 0.1575757575757576
1 0.6833333333333332 0.05303030303030304 0.20909090909090908 0.08484848484848487
1 0.5136363636363632 0.06590909090909088 0.08787878787878711 0.06212121212121219
1 0.48560606060606054 0.10833333333333334 0.13484848484848486 0.043939393939393945
1 0.7499999999999996 0.7348484848484841 0.21818181818181903 0.21212121212121338
1 0.9393939393939393 0.5772727272727272 0.12121212121212124 0.19999999999999993
1 0.9363636363636363 0.9393939393939393 0.12727272727272734 0.12121212121212124
1 0.17348484848484824 0.42651515151515135 0.13484848484848452 0.0954545454545452
