0 0.11725293132328295 0.675041876046901 0.14070351758793945 0.20100502512562765
1 0.5636515912897822 0.7445561139028476 0.14237855946398661 0.15912897822445557
1 0.6172529313232831 0.9087102177554436 0.20603015075376832 0.1792294807370186
1 0.8015075376884423 0.8752093802345058 0.1591289782244557 0.17922948073701833
1 0.7855946398659961 0.5887772194304859 0.2613065326633156 0.29313232830820773
1 0.8048576214405361 0.38023450586264657 0.16917922948073694 0.15745393634840874
1 0.8274706867671692 0.2814070351758794 0.15745393634840865 0.12730318257956447
1 0.8391959798994975 0.16331658291457288 0.14405360134003345 0.11892797319932999
1 0.9480737018425461 0.07537688442211055 0.10385259631490787 0.1507537688442211
1 0.9455611390284752 0.23031825795644892 0.10887772194304751 0.1892797319932999
1 0.9489112227805692 0.44472361809045174 0.10217755443886148 0.24958123953098896
1 0.9438860971524281 0.7763819095477387 0.11222780569514137 0.32328308207705225
