1 0.06515151515151514 0.41060606060606064 0.13030303030303028 0.1969696969696969
1 0.06742424242424243 0.5348484848484848 0.13484848484848486 0.14242424242424248
1 0.07803030303030305 0.6386363636363636 0.1560606060606061 0.1318181818181818
1 0.16666666666666669 0.8492424242424235 0.3060606060606061 0.3015151515151503
1 0.2696969696969697 0.47954545454545455 0.24545454545454548 0.20151515151515156
1 0.618939393939394 0.549242424242424 0.1924242424242429 0.1651515151515147
1 0.6871212121212121 0.8606060606060606 0.31666666666666665 0.27878787878787875
1 0.4037878787878783 0.8090909090909087 0.2590909090909086 0.27878787878787886
1 0.38333333333333336 0.9560606060606063 0.2333333333333333 0.08787878787878796
1 0.47954545454545455 0.5045454545454545 0.15909090909090906 0.20606060606060608
1 0.24545454545454548 0.5689393939393939 0.21515151515151515 0.12878787878787903
1 0.5128787878787879 0.6590909090909091 0.20151515151515156 0.08787878787878789
1 0.7318181818181819 0.6939393939393939 0.2090909090909089 0.0848484848484847
