1 0.29090909090909095 0.35909090909090907 0.2696969696969697 0.2242424242424242
1 0.1946969696969697 0.4939393939393939 0.17424242424242423 0.1757575757575757
1 0.04924242424242424 0.48333333333333334 0.09848484848484848 0.2515151515151516
1 0.12121212121212119 0.825 0.22121212121212117 0.21060606060606063
1 0.10606060606060605 0.6886363636363636 0.1575757575757576 0.08939393939393937
1 0.30757575757575756 0.6166666666666667 0.21818181818181823 0.16969696969696968
1 0.3462121212121212 0.7765151515151516 0.2136363636363636 0.22878787878787876
1 0.5 0.8803030303030304 0.24848484848484859 0.22121212121212125
1 0.6795454545454546 0.7946969696969697 0.259090909090909 0.2439393939393939
1 0.8984848484848484 0.9462121212121213 0.2030303030303027 0.10757575757575756
1 0.921969696969697 0.7954545454545454 0.15606060606060596 0.18181818181818188
1 0.8515151515151516 0.6151515151515151 0.23636363636363641 0.19696969696969688
1 0.5181818181818177 0.6287878787878783 0.0818181818181827 0.19999999999999896
1 0.6689393939393941 0.4068181818181818 0.3499999999999997 0.2015151515151516
1 0.5174242424242423 0.18333333333333332 0.10151515151515149 0.1545454545454546
1 0.8 0.09242424242424242 0.17878787878787888 0.17575757575757575
1 0.8969696969696969 0.1871212121212121 0.20606060606060608 0.21666666666666667
1 0.9340909090909083 0.4227272727272726 0.13181818181818067 0.26969696969696993
1 0.6583333333333334 0.15 0.13484848484848486 0.13333333333333336
