1 0.2068181818181818 0.18181818181818182 0.21666666666666665 0.2272727272727273
1 0.06515151515151515 0.325 0.1303030303030303 0.19545454545454546
1 0.05227272727272727 0.15606060606060607 0.1015151515151515 0.17272727272727273
1 0.4340909090909091 0.28863636363636364 0.24090909090909085 0.15303030303030304
1 0.4446969696969697 0.1303030303030303 0.1560606060606061 0.10909090909090909
1 0.596969696969697 0.061363636363636356 0.1575757575757576 0.11666666666666665
1 0.8098484848484848 0.09015151515151515 0.14999999999999997 0.11666666666666665
1 0.8878787878787878 0.3924242424242425 0.21818181818181814 0.24242424242424243
1 0.8181818181818181 0.6787878787878787 0.2575757575757576 0.20909090909090908
1 0.9136363636363637 0.8484848484848484 0.17272727272727267 0.2939393939393939
1 0.7053030303030303 0.8999999999999992 0.26212121212121176 0.1999999999999999
1 0.3424242424242422 0.9242424242424225 0.38181818181818167 0.15151515151515105
1 0.23636363636363625 0.7007575757575749 0.3484848484848483 0.29848484848484846
1 0.19848484848484851 0.4757575757575752 0.22727272727272724 0.17272727272727256
1 0.7710286667007312 0.4597244861933765 0.3436200237027037 0.3760804385335026
1 0.5977272727272728 0.2446969696969697 0.23484848484848483 0.22878787878787876
1 0.8416666666666666 0.24090909090909093 0.20151515151515142 0.16969696969696968
1 0.07878787878787881 0.8545454545454544 0.15757575757575762 0.2909090909090909
1 0.9643939393939394 0.06287878787878788 0.0712121212121211 0.12575757575757576
