1 0.21818181818181828 0.1818181818181819 0.22121212121212142 0.22727272727272743
1 0.17634748845602874 0.9515646041974564 0.32213556930310844 0.3430380447522405
1 0.7999712470803872 0.4707610499847826 0.33515345923770334 0.3947094018226482
1 0.9113636363636363 0.8530303030303031 0.17727272727272766 0.293939393939394
1 0.6977272727272726 0.9045454545454525 0.25000000000000044 0.19090909090908798
1 0.33257575757575736 0.924242424242424 0.38636363636363635 0.15151515151515194
1 0.9319381893725458 0.6415316838717405 0.21155934293568351 0.2654770927422964
1 0.8772727272727272 0.40378787878787875 0.24242424242424246 0.23787878787878783
1 0.07424242424242423 0.3295454545454543 0.14848484848484847 0.21363636363636385
1 0.42348484848484813 0.2863636363636363 0.24393939393939373 0.187878787878788
1 0.6045454545454547 0.05833333333333335 0.18787878787878806 0.11666666666666668
1 0.6068181818181817 0.23636363636363641 0.26515151515151536 0.22727272727272727
1 0.8462121212121215 0.22575757575757577 0.2106060606060605 0.17575757575757586
1 0.20606060606060594 0.46893939393939355 0.22121212121212117 0.17727272727272708
1 0.44772727272727275 0.12878787878787878 0.15 0.10909090909090907
