1 0.48409090909090907 0.6545454545454545 0.13181818181818195 0.1545454545454546
1 0.22348484848484837 0.5606060606060608 0.20757575757575758 0.21818181818181806
1 0.09621212121212115 0.1598484848484848 0.1924242424242423 0.23787878787878783
1 0.24696969696969673 0.3386363636363638 0.2393939393939395 0.22272727272727255
1 0.38257575757575774 0.4863636363636364 0.10151515151515136 0.19696969696969707
1 0.2848484848484846 0.17348484848484858 0.11818181818181821 0.10757575757575756
1 0.265151515151515 0.04772727272727272 0.1969696969696971 0.09545454545454544
1 0.043181818181818175 0.31363636363636344 0.08636363636363635 0.19393939393939397
1 0.06060606060606059 0.46363636363636346 0.12121212121212117 0.11515151515151509
1 0.019696969696969695 0.5954545454545455 0.03939393939393939 0.1454545454545454
1 0.08409090909090916 0.7780303030303028 0.16818181818181832 0.1196969696969698
1 0.4227272727272725 0.8537878787878781 0.15757575757575723 0.2439393939393934
