1 0.036363636363636355 0.28030303030303033 0.07272727272727271 0.13333333333333333
1 0.12045454545454545 0.2833333333333333 0.11363636363636363 0.12727272727272726
1 0.3257575757575758 0.20909090909090908 0.1515151515151515 0.16666666666666663
1 0.14848484848484841 0.08484848484848487 0.22424242424242433 0.16969696969696973
1 0.4931818181818181 0.20757575757575758 0.11666666666666664 0.13030303030303028
1 0.5962121212121212 0.23939393939393938 0.09545454545454547 0.12424242424242425
1 0.925 0.42045454545454547 0.11666666666666657 0.14696969696969703
1 0.8727358525812511 0.08335239942578467 0.15170706732878675 0.07730871148778491
1 0.3151515151515151 0.04621212121212121 0.10303030303030304 0.09242424242424242
1 0.4265151515151515 0.0696969696969697 0.11666666666666671 0.09090909090909091
1 0.5454545454545454 0.10227272727272727 0.10909090909090907 0.08636363636363636
