1 0.9159090909090909 0.7583333333333334 0.16818181818181827 0.2136363636363636
1 0.4628787878787879 0.4825757575757575 0.09848484848484844 0.0893939393939393
1 0.33863636363636374 0.45833333333333326 0.0772727272727273 0.07727272727272727
1 0.28409090909090906 0.3893939393939394 0.08636363636363636 0.07878787878787875
1 0.5166666666666666 0.2303030303030303 0.07272727272727267 0.08484848484848484
1 0.5128787878787879 0.3303030303030303 0.08939393939393944 0.08787878787878793
1 0.26515151515151514 0.13787878787878788 0.05757575757575758 0.0696969696969697
1 0.4 0.11969696969696969 0.06969696969696969 0.06363636363636366
1 0.20454545454545453 0.2234848484848485 0.04848484848484848 0.07424242424242426
1 0.2916666666666667 0.22348484848484848 0.06212121212121211 0.05
1 0.8015151515151515 0.3424242424242424 0.0939393939393939 0.0909090909090909
1 0.7333333333333333 0.2287878787878788 0.09090909090909094 0.11212121212121211
1 0.6590909090909091 0.13863636363636364 0.07272727272727281 0.062121212121212147
1 0.42727272727272736 0.2825757575757576 0.05757575757575758 0.0803030303030303
1 0.3583333333333333 0.31363636363636366 0.07121212121212117 0.06969696969696969
