1 0.24545454545454548 0.04166666666666666 0.1727272727272728 0.08333333333333331
1 0.11893939393939394 0.1765151515151515 0.19545454545454546 0.25
1 0.3159090909090909 0.2568181818181818 0.1954545454545455 0.2439393939393939
1 0.05454545454545454 0.23636363636363633 0.10909090909090909 0.16666666666666669
1 0.3257575757575758 0.5522727272727272 0.2636363636363636 0.29242424242424236
1 0.4462121212121212 0.7825757575757575 0.17121212121212126 0.22575757575757577
1 0.509090909090909 0.5901515151515152 0.09090909090909094 0.18939393939393936
1 0.22424242424242422 0.7659090909090905 0.27575757575757565 0.14999999999999947
1 0.09469696969696971 0.6037878787878789 0.1803030303030303 0.2560606060606061
1 0.19772727272727272 0.41666666666666674 0.14393939393939395 0.11818181818181821
