1 0.2606060606060606 0.8787878787878788 0.21818181818181817 0.19090909090909094
1 0.3810606060606061 0.7272727272727272 0.1924242424242423 0.16666666666666688
1 0.5992424242424242 0.6893939393939393 0.18939393939393936 0.1878787878787878
1 0.8376383756888619 0.6816546562260248 0.16138643472286465 0.19867272388392399
1 0.9234848484848471 0.6689393939393941 0.15303030303030296 0.18939393939393998
1 0.30920702172982534 0.36244038915932153 0.2553197159652041 0.2639314859819653
1 1.0441591510022519 0.5605971464075747 0.275233128360593 0.26934139529999773
1 0.9098484848484836 0.45 0.18030303030302788 0.2424242424242423
1 1.0946969696969704 0.4265151515151519 0.18939393939393986 0.20454545454545456
1 1.006818181818183 0.41818181818181854 0.3257575757575768 0.27878787878787953
1 0.6606060606060612 0.23409090909090977 0.22727272727272763 0.15606060606060598
1 0.4818181818181813 0.34318181818181764 0.32121212121212056 0.22878787878787787
1 0.37727272727272526 0.6325757575757573 0.2515151515151487 0.26818181818181785
1 0.4590909090909037 0.95530303030303 0.306060606060601 0.3045454545454544
1 0.5296816409550363 0.4411235492610565 0.26113936136314353 0.28246025531446123
