1 0.2810606060606058 0.5340909090909092 0.17727272727272672 0.3196969696969692
1 0.11363636363636363 0.6333333333333333 0.22727272727272727 0.23636363636363625
1 0.29393939393939406 0.5090909090909093 0.32424242424242555 0.25151515151515164
1 0.0659090909090909 0.09924242424242424 0.1318181818181818 0.1984848484848485
1 0.24924242424242393 0.028787878787878793 0.24999999999999967 0.057575757575757586
1 0.15606060606060634 0.6265151515151518 0.3121212121212127 0.19242424242424253
1 0.5765151515151511 0.3363636363636363 0.3924242424242424 0.37575757575757573
1 0.9303030303030304 0.22045454545454063 0.23939393939393797 0.14393939393939076
1 0.9022727272727264 1.1325757575757591 0.36818181818181633 0.40454545454545765
1 1.1136363636363589 0.9787878787878761 0.2272727272727256 0.31515151515151185
1 1.1121212121212105 0.6416666666666633 0.224242424242422 0.2803030303030268
1 1.0939393939393935 0.33636363636363137 0.187878787878786 0.22424242424242105
