1 0.9121212121212122 0.41515151515151516 0.1666666666666667 0.16363636363636366
1 0.734090909090909 0.3742424242424242 0.20151515151515156 0.18484848484848482
1 0.175 0.36893939393939407 0.14393939393939395 0.16818181818181807
1 0.33333333333333337 0.36515151515151517 0.1727272727272727 0.16363636363636364
1 0.06287878787878787 0.14166666666666672 0.12575757575757573 0.24090909090909102
1 0.8681818181818182 0.06818181818181819 0.14545454545454523 0.13636363636363638
1 0.6121212121212121 0.2545454545454545 0.17575757575757564 0.17878787878787875
1 0.24015151515151514 0.14469696969696969 0.24090909090909093 0.28939393939393937
1 0.9409090909090909 0.14848484848484847 0.11818181818181812 0.16666666666666663
1 0.7674242424242413 0.20075757575757572 0.1712121212121211 0.16515151515151527
