2 0.8825757575757575 0.2734848484848485 0.23484848484848483 0.3560606060606061
1 0.1666666666666666 0.8848484848484844 0.26969696969696977 0.2303030303030306
1 0.3878787878787876 0.6613636363636354 0.1969696969696965 0.22272727272727252
1 0.43181818181818166 0.8681818181818173 0.2575757575757572 0.2636363636363637
1 0.656818181818182 0.6984848484848486 0.32272727272727314 0.33939393939393947
1 0.6878787878787881 0.9378787878787876 0.2515151515151521 0.12424242424242371
1 0.9340909090909092 0.6757575757575758 0.1318181818181817 0.33030303030303027
1 0.8257575757575759 0.5598484848484835 0.09393939393939425 0.21969696969696753
1 0.8409090909090906 0.8477272727272723 0.12727272727272693 0.2893939393939392
1 0.6022727272727273 0.4765151515151514 0.31363636363636427 0.1227272727272733
