1 0.2287878787878788 0.24772727272727268 0.19696969696969696 0.18636363636363634
1 0.23712121212121212 0.11363636363636363 0.18333333333333335 0.13333333333333336
1 0.45 0.26363636363636367 0.22727272727272727 0.23333333333333336
1 0.7128787878787878 0.20909090909090908 0.15303030303030304 0.1424242424242424
1 0.8287878787878787 0.1553030303030303 0.18181818181818174 0.17424242424242425
1 0.6401515151515151 0.33333333333333337 0.15909090909090914 0.15151515151515155
1 0.037121212121212124 0.34545454545454546 0.07424242424242425 0.2151515151515151
1 0.1318181818181818 0.40151515151515155 0.13333333333333333 0.14848484848484853
1 0.19393939393939394 0.5939393939393939 0.20303030303030303 0.21818181818181814
1 0.3242424242424242 0.6946969696969697 0.14545454545454542 0.1469696969696969
1 0.5545454545454545 0.6318181818181816 0.29696969696969727 0.27878787878787925
1 0.7575757575757575 0.5545454545454546 0.2212121212121211 0.23333333333333336
1 0.8507575757575758 0.3863636363636364 0.15606060606060623 0.14848484848484847
1 0.9151515151515152 0.5674242424242424 0.09696969696969689 0.1863636363636364
1 0.9053030303030303 0.8666666666666666 0.18939393939393936 0.23030303030303045
1 0.4984848484848484 0.8787878787878788 0.2757575757575757 0.22121212121212125
1 0.15454545454545454 0.9446969696969697 0.17272727272727273 0.11060606060606062
1 0.6522727272727272 0.08863636363636364 0.15303030303030296 0.10151515151515152
1 0.39696969696969703 0.42651515151515157 0.16666666666666663 0.1257575757575757
1 0.578030303030303 0.45454545454545453 0.13484848484848486 0.09696969696969696
1 0.6984848484848488 0.831060606060606 0.1303030303030309 0.2136363636363633
1 0.9666666666666666 0.06515151515151514 0.06666666666666671 0.13030303030303028
1 0.0840909090909091 0.1621212121212121 0.15303030303030304 0.16363636363636364
