1 0.2940400773966816 0.5664010320529681 0.25954294035141395 0.3159008253244223
1 0.10303030303030303 0.6340909090909088 0.20606060606060606 0.23484848484848544
1 0.09621212121212123 0.37045454545454476 0.19242424242424247 0.2803030303030304
1 0.5863636363636364 0.34545454545454546 0.4000000000000001 0.38787878787878777
1 0.3053030303030212 0.5196969696969684 0.33787878787878584 0.25454545454545957
1 0.9075757575757575 0.11060606060606058 0.18484848484848482 0.22121212121212117
1 1.1071587474227294 0.6287725677615599 0.2145274655137654 0.26894164849546676
1 1.1092737691535233 0.9813313556437627 0.21942665110061987 0.3228487979928161
1 0.9390233095026229 1.1063005881508738 0.3605236503864516 0.4166868898480032
1 0.9434825024294223 0.2606112778094953 0.24976126684877772 0.1679377052520291
