1 0.5802997131649903 0.6282344783904991 0.17972008125174252 0.23853055973768916
1 0.5681818181818181 0.4628787878787879 0.01212121212121211 0.007575757575757507
1 0.6833333333333331 0.29015151515151505 0.13333333333333341 0.1590909090909092
1 0.8469696969696969 0.20454545454545453 0.14848484848484858 0.17575757575757578
1 0.95151515151515 0.13636363636363646 0.0969696969696963 0.23333333333333356
1 0.568939393939394 0.3871212121212121 0.1863636363636364 0.1772727272727273
1 0.521969696969697 0.19696969696969696 0.18333333333333335 0.23939393939393938
1 0.653030303030303 0.12272727272727274 0.13333333333333336 0.1575757575757576
1 0.749242424242424 0.05833333333333332 0.16515151515151502 0.11666666666666664
1 0.3106060606060606 0.21590909090909094 0.10000000000000005 0.08939393939393935
1 0.2628787878787879 0.36590909090909096 0.15000000000000002 0.27424242424242423
1 0.10121579055869091 0.7072026809074462 0.13761071245069276 0.20303030303030498
1 0.20589408608858473 0.9035340569058183 0.14226079821235418 0.1894323799373142
1 0.0659090909090909 0.9378787878787869 0.1318181818181818 0.12424242424242235
1 0.428030303030303 0.7939393939393941 0.1257575757575758 0.17575757575757578
1 0.5460512594970992 0.9284202781574787 0.12847847337811327 0.18308359242528383
1 0.4825757575757575 0.6431818181818181 0.12272727272727274 0.1318181818181818
1 0.35151515151515156 0.6098484848484849 0.13030303030303034 0.14090909090909087
1 0.3977272727272727 0.3318181818181818 0.09545454545454547 0.2
1 0.06060606060606061 0.343939393939394 0.12121212121212122 0.16363636363636364
1 0.05454545454545454 0.09090909090909094 0.10909090909090909 0.18181818181818188
1 0.271969696969697 0.10606060606060605 0.09242424242424238 0.1303030303030303
1 0.16666666666666669 0.09015151515151515 0.09393939393939403 0.10151515151515156
1 0.3856060606060606 0.11666666666666665 0.09242424242424235 0.0909090909090909
1 0.4856060606060606 0.9424242424242425 0.13787878787878782 0.11515151515151516
1 0.04621212121212121 0.5037878787878788 0.09242424242424242 0.13787878787878788
