1 0.2583333333333332 0.8772727272727273 0.2196969696969698 0.19696969696969724
1 0.3795454545454544 0.7287878787878788 0.16515151515151527 0.1636363636363636
1 0.5924242424242424 0.6977272727272728 0.18484848484848485 0.19545454545454546
1 0.8179195868518225 0.6856997142277098 0.1656596023277594 0.20002503877140448
1 0.9242424242424242 0.6681818181818181 0.15151515151515155 0.18484848484848485
1 1.0367125073563412 0.5410452540343852 0.2634672482142698 0.2766067900867831
1 0.913636363636363 0.4522727272727272 0.17272727272727414 0.24393939393939396
1 0.9045454545454541 0.234090909090909 0.17272727272727237 0.21363636363636346
1 0.6787878787878786 0.1416666666666667 0.33333333333333326 0.2833333333333334
1 0.31335469659164006 0.36819505169816485 0.2540863585714025 0.26344468212783273
1 0.39425220581567144 0.617852384479028 0.23438992068910303 0.2755588212679341
1 0.16818181818181813 0.11060606060606054 0.3030303030303029 0.22121212121212108
1 0.4474992556699633 0.9535709185628061 0.2966468980463765 0.2991696112940451
1 0.5166671123200914 0.4682495882902426 0.2268710036564791 0.2659929254707942
1 0.650066284773607 0.24594986577771485 0.2228196564572685 0.16051929520508876
