1 0.10606060606060605 0.6340909090909094 0.2121212121212121 0.22878787878787846
1 0.09393939393939393 0.36590909090909085 0.18787878787878787 0.31060606060606055
1 0.5742424242424239 0.3310606060606059 0.41212121212121167 0.36212121212121184
1 0.27954545454545443 0.5477272727272728 0.17727272727272697 0.3530303030303028
1 0.5439393939393944 0.7234848484848483 0.3787878787878789 0.4136363636363632
1 0.8863636363636357 0.6568181818181816 0.2272727272727259 0.3075757575757579
1 0.89090909090909 0.3598484848484847 0.2181818181818162 0.29545454545454586
1 0.906818181818181 0.11212121212121212 0.18636363636363482 0.22424242424242424
1 0.6962121212121211 0.08333333333333331 0.2530303030303027 0.1424242424242424
1 0.27424242424242407 0.21212121212121185 0.2818181818181818 0.333333333333333
1 0.07196969696969698 0.09772727272727273 0.14393939393939395 0.19545454545454546
