1 0.7333333333333334 0.7719696969696972 0.20303030303030298 0.2439393939393939
1 0.3977272727272727 0.5931818181818181 0.18636363636363637 0.18030303030303024
1 0.11363636363636363 0.9196969696969697 0.12727272727272726 0.1303030303030303
1 0.23409090909090913 0.6924242424242425 0.21060606060606066 0.20606060606060608
1 0.3151515151515152 0.9174242424242425 0.19393939393939394 0.16515151515151516
1 0.5363636363636364 0.9318181818181819 0.23030303030303037 0.1363636363636364
1 0.884090909090909 0.5053030303030304 0.17424242424242423 0.11666666666666664
1 0.5242424242424244 0.2484848484848485 0.2121212121212119 0.20606060606060594
1 0.7257575757575758 0.2181818181818182 0.17878787878787883 0.1606060606060606
1 0.8992424242424242 0.23257575757575757 0.20151515151515156 0.19545454545454546
1 0.6886363636363636 0.047727272727272736 0.18030303030303024 0.09545454545454547
1 0.5545454545454542 0.04924242424242425 0.13030303030303064 0.09848484848484848
1 0.38636363636363635 0.08106060606060606 0.2454545454545455 0.1621212121212121
1 0.1121212121212121 0.41742424242424236 0.2242424242424242 0.28333333333333344
1 0.28939393939393937 0.37121212121212127 0.15151515151515152 0.12424242424242429
1 0.47878787878787876 0.7545454545454544 0.23636363636363633 0.1636363636363636
1 0.0734848484848485 0.14015151515151517 0.146969696969697 0.28030303030303033
1 0.9075757575757569 0.05606060606060606 0.18484848484848349 0.11212121212121212
1 0.1196969696969697 0.6204545454545455 0.20303030303030303 0.16818181818181813
