1 0.7937319701709478 0.39781704450640604 0.19456583335092714 0.20454545454545575
1 0.18030303030302997 0.8840909090909089 0.24848484848484784 0.2318181818181821
1 0.443181818181818 0.8696969696969684 0.2742424242424238 0.26060606060605884
1 0.7037878787878787 0.9409090909090897 0.2712121212121216 0.11818181818181812
1 1.1124690054414992 0.5336861233274144 0.2469696969696977 0.20151515151515031
1 0.9386363636363623 0.6992424242424241 0.12272727272727266 0.30454545454545495
1 0.37878787878787873 0.6560606060606061 0.23636363636363633 0.19393939393939405
1 0.6560606060606061 0.6969696969696969 0.31515151515151535 0.33939393939393947
1 0.8454545454545453 0.846969696969697 0.15454545454545474 0.306060606060606
1 0.5556548985561099 0.7138636635558718 0.09810414748716464 0.20370791235055233
