1 0.34015151515151515 0.27651515151515155 0.3075757575757576 0.22878787878787882
1 0.5143939393939394 0.17424242424242425 0.10151515151515156 0.14242424242424245
1 0.8030303030303031 0.0856060606060606 0.17272727272727267 0.1712121212121212
1 0.890909090909091 0.19772727272727272 0.17575757575757578 0.21666666666666665
1 0.9280303030303025 0.40909090909090895 0.14393939393939395 0.2636363636363636
1 0.7136363636363636 0.9257575757575758 0.3242424242424243 0.14848484848484844
1 0.2643939393939394 0.9265151515151515 0.21666666666666665 0.14696969696969703
1 0.4348484848484848 0.8181818181818181 0.27878787878787875 0.28484848484848485
1 0.178030303030303 0.8189393939393941 0.18939393939393936 0.17727272727272733
1 0.09772727272727273 0.6886363636363637 0.19545454545454546 0.15000000000000008
1 0.22045454545454546 0.5893939393939394 0.21363636363636362 0.19696969696969688
1 0.3878787878787879 0.4522727272727273 0.21818181818181814 0.10757575757575757
1 0.4863636363636364 0.5553030303030303 0.19393939393939397 0.12272727272727274
1 0.6803030303030304 0.353030303030303 0.3424242424242427 0.14242424242424248
1 0.7204545454545453 0.5068181818181818 0.28333333333333327 0.14090909090909093
1 0.7590909090909096 0.7151515151515154 0.35454545454545366 0.2636363636363643
1 0.1386363636363636 0.4560606060606061 0.21969696969696964 0.07878787878787882
1 0.12878787878787878 0.35984848484848486 0.13333333333333336 0.08333333333333331
1 0.05227272727272727 0.5545454545454546 0.10454545454545454 0.09696969696969696
1 0.7068181818181819 0.22727272727272727 0.16515151515151508 0.09090909090909087
1 0.6560606060606061 0.13560606060606062 0.12727272727272726 0.0893939393939394
