1 0.25151515151515147 0.8719696969696971 0.19999999999999996 0.20151515151515156
1 0.38484848484848483 0.7280303030303031 0.16969696969696968 0.1560606060606061
1 0.5984848484848483 0.6992424242424241 0.18787878787878762 0.2015151515151513
1 0.7757575757575758 0.712121212121212 0.16969696969696968 0.19393939393939397
1 0.9242424242424241 0.6689393939393942 0.1515151515151517 0.19545454545454594
1 0.9946969696969703 0.48409090909090835 0.2681818181818193 0.26212121212121303
1 0.9174242424242425 0.44772727272727275 0.16515151515151516 0.253030303030303
1 0.9022727272727277 0.22272727272727258 0.17727272727272658 0.2060606060606059
1 0.6621212121212122 0.23409090909090913 0.22727272727272763 0.1560606060606062
1 0.30682437818545755 0.3648626446210857 0.25168783796420974 0.260801137066217
1 0.38106060606060593 0.6242424242424245 0.2530303030303018 0.2636363636363636
1 0.16363636363636355 0.11287878787878786 0.30606060606060587 0.2257575757575757
1 0.9893939393939384 0.41136363636363227 0.3030303030303024 0.2742424242424236
1 0.4613636363636363 0.9621212121212124 0.30757575757575684 0.3121212121212122
1 0.5328073647979626 0.44686777737326394 0.2447654139984589 0.2863707151380698
