1 0.7174242424242425 0.07727272727272727 0.23181818181818187 0.15454545454545454
1 0.34469696969696967 0.06439393939393939 0.2439393939393939 0.12878787878787878
1 0.11666666666666665 0.2757575757575757 0.16969696969696968 0.21818181818181814
1 0.253030303030303 0.175 0.1303030303030303 0.15
1 0.4484848484848485 0.17424242424242425 0.1363636363636364 0.1878787878787879
1 0.5946969696969697 0.20833333333333337 0.17121212121212126 0.1803030303030303
1 0.8037878787878787 0.25757575757575757 0.24090909090909093 0.20303030303030298
1 0.9401515151515152 0.10530303030303029 0.11969696969696969 0.19242424242424241
1 0.8613636363636367 0.6431818181818179 0.27727272727272656 0.3287878787878793
1 0.7606060606060606 0.8886363636363634 0.31818181818181845 0.222727272727272
1 0.46666666666666584 0.803787878787878 0.3151515151515145 0.32878787878787774
1 0.4750000000000003 0.4159090909090905 0.2439393939393939 0.26818181818181824
1 0.28636363636363626 0.4484848484848483 0.1787878787878787 0.19696969696969685
1 0.15833333333333338 0.8143939393939392 0.2500000000000001 0.24999999999999947
1 0.10378787878787878 0.5371212121212122 0.18636363636363634 0.27727272727272717
