0 0.12348484848484848 0.22727272727272718 0.146969696969697 0.20000000000000004
1 0.4303030303030303 0.8636363636363636 0.209090909090909 0.20303030303030312
1 0.5939393939393939 0.8265151515151515 0.1878787878787878 0.1772727272727272
1 0.7719696969696969 0.8522727272727272 0.1560606060606061 0.1257575757575758
1 0.7280303030303031 0.9371212121212121 0.231818181818182 0.11969696969696955
1 0.5848484848484848 0.646969696969697 0.2606060606060606 0.23333333333333342
1 0.7136363636363637 0.3734848484848483 0.2787878787878787 0.28636363636363593
1 0.9174242424242425 0.5075757575757577 0.16515151515151516 0.32121212121212134
1 0.9106060606060606 0.8136363636363636 0.17878787878787888 0.23636363636363625
1 0.9181818181818181 0.2606060606060606 0.16363636363636375 0.2
1 0.793939393939394 0.1477272727272727 0.16969696969696968 0.17424242424242423
1 0.9053030303030303 0.06893939393939394 0.14696969696969703 0.13787878787878788
1 0.7795454545454545 0.6742424242424242 0.08333333333333315 0.14242424242424243
