1 0.16969696969696968 0.13636363636363635 0.2878787878787879 0.2727272727272727
1 0.4386363636363636 0.11287878787878788 0.2439393939393939 0.22575757575757577
1 0.4575757575757576 0.38409090909090904 0.27575757575757576 0.2863636363636363
1 1.1277289946880762 0.5501023771315405 0.25545798937615405 0.2506530253792638
1 0.8946969696969697 0.6348484848484849 0.21060606060606063 0.22727272727272735
1 0.7325757575757578 0.6325757575757573 0.15000000000000044 0.17727272727272742
1 0.6515151515151516 0.45984848484848484 0.13333333333333328 0.22272727272727266
1 0.7053030303030303 0.20984848484848484 0.22878787878787876 0.22272727272727277
1 0.8893939393939392 0.0931818181818182 0.22121212121212086 0.1863636363636364
1 0.6643939393939386 0.03181818181818182 0.20757575757575847 0.06363636363636363
