1 0.09393939393939396 0.8560606060606064 0.18787878787878792 0.27575757575757487
1 0.7984848484848487 0.5606060606060606 0.2878787878787878 0.34545454545454535
1 0.2060606060606059 0.6477272727272723 0.26363636363636345 0.33787878787878883
1 0.7992424242424238 0.19772727272727278 0.31666666666666743 0.353030303030303
1 0.47121212121212125 0.09090909090909091 0.1939393939393939 0.17272727272727273
1 0.18181818181818182 0.056818181818181816 0.23030303030303031 0.11363636363636363
1 0.8477272727272727 0.8643939393939394 0.3045454545454543 0.27121212121212124
1 0.4901515151515153 0.7795454545454544 0.32272727272727286 0.3348484848484852
1 0.3053030303030303 0.3484848484848485 0.28939393939393937 0.28787878787878785
1 0.10909090909090903 0.3568181818181817 0.09090909090909075 0.21363636363636287
1 0.6128787878787878 0.06363636363636363 0.0924242424242419 0.12727272727272726
