1 0.17272727272727262 0.8795454545454544 0.2727272727272725 0.2409090909090911
1 0.7895537628025893 0.40386389534471884 0.18634928448308044 0.2030573389135772
1 0.40606060606060607 0.496969696969697 0.16969696969696968 0.16060606060606056
1 0.3924242424242423 0.6606060606060606 0.2242424242424242 0.20909090909090913
1 0.4325757575757578 0.8719696969696972 0.2439393939393943 0.25303030303030294
1 0.7060606060606056 0.9386363636363632 0.266666666666666 0.12272727272727274
1 0.6545454545454539 0.7037878787878782 0.31515151515151496 0.34696969696969676
1 0.9318181818181819 0.7037878787878783 0.13636363636363558 0.30454545454545423
1 0.4396276127614068 0.43413847946937134 0.18414080536889693 0.12697079812563974
1 0.7825757575757575 0.17348484848484852 0.2469696969696969 0.19242424242424247
1 0.9568181818181819 0.1787878787878788 0.08636363636363625 0.2121212121212121
1 0.8931818181818169 0.518939393939394 0.21363636363636268 0.18333333333333282
1 0.8234848484848485 0.3053030303030303 0.27424242424242423 0.16212121212121208
