1 0.20833333333333337 0.1765151515151515 0.24696969696969703 0.2196969696969697
1 0.8787878787878785 0.4045454545454546 0.24242424242424293 0.2393939393939393
1 0.6128787878787878 0.23863636363636365 0.268181818181818 0.2409090909090909
1 0.42045454545454547 0.2924242424242424 0.2530303030303031 0.17575757575757575
1 0.2424242424242426 0.6992424242424239 0.3545454545454549 0.3196969696969701
1 0.7729029733504391 0.459801673169555 0.31761588923131756 0.38929330273881246
1 0.9394030628938603 0.6463002688601175 0.20666342615732913 0.27622110069937716
1 0.3371212121212121 0.9272727272727272 0.4015151515151515 0.1363636363636364
1 0.9712121212121161 1.0946969696969682 0.2666666666666653 0.18939393939394075
1 0.9106060606060603 0.8454545454545456 0.1787878787878786 0.309090909090909
1 0.4350547457910763 0.6358804823755633 0.2381038524274723 0.16562621611526557
1 0.07348484848484847 0.33181818181818173 0.14696969696969694 0.21212121212121235
1 0.6015151515151513 0.057575757575757586 0.1818181818181815 0.11515151515151517
1 0.8249999999999998 0.20530303030303024 0.1621212121212122 0.16212121212121228
