1 0.06742424242424243 0.12196969696969698 0.12272727272727274 0.20454545454545456
1 0.15833333333333333 0.16060606060606059 0.08333333333333334 0.09999999999999998
1 0.2174242424242424 0.22878787878787882 0.09545454545454543 0.16363636363636366
1 0.22727272727272727 0.378030303030303 0.1 0.12272727272727274
1 0.056818181818181816 0.5318181818181819 0.11363636363636363 0.21212121212121218
1 0.0628787878787879 0.8007575757575759 0.1257575757575758 0.18030303030303046
1 0.2545454545454545 0.8106060606060607 0.17575757575757578 0.24242424242424235
1 0.43333333333333335 0.9159090909090909 0.15454545454545454 0.16818181818181827
1 0.6340909090909091 0.9128787878787878 0.23787878787878797 0.17424242424242423
1 0.8795454545454545 0.9416666666666665 0.2227272727272728 0.11666666666666671
1 0.7507575757575756 0.7696969696969697 0.09545454545454547 0.1303030303030303
1 0.875 0.7924242424242425 0.09545454545454532 0.15757575757575765
1 0.9696969696969697 0.7537878787878788 0.06060606060606062 0.2075757575757575
1 0.9613636363636363 0.5416666666666667 0.07727272727272734 0.16515151515151516
1 0.9446969696969697 0.6704545454545454 0.07727272727272742 0.09848484848484841
1 0.8689393939393939 0.5318181818181817 0.11060606060606062 0.11515151515151516
1 0.7787878787878788 0.47196969696969693 0.14848484848484844 0.1469696969696969
1 0.668939393939394 0.3666666666666667 0.14090909090909087 0.16363636363636366
1 0.6090909090909091 0.4681818181818182 0.12424242424242422 0.09090909090909094
1 0.6469696969696969 0.5848484848484848 0.1363636363636364 0.1757575757575757
1 0.5212121212121212 0.6409090909090908 0.20000000000000007 0.2121212121212121
1 0.3742424242424242 0.5704545454545454 0.10606060606060602 0.10757575757575757
1 0.16666666666666663 0.5325757575757576 0.0787878787878788 0.10151515151515156
1 0.26363636363636367 0.5522727272727272 0.0787878787878788 0.14090909090909087
1 0.353030303030303 0.46439393939393936 0.12727272727272734 0.0954545454545454
1 0.3939393939393939 0.7734848484848484 0.07272727272727274 0.0863636363636364
1 0.6265151515151512 0.765909090909091 0.1318181818181823 0.11363636363636344
1 0.11818181818181817 0.2977272727272727 0.0909090909090909 0.156060606060606
