1 0.05909090909090908 0.9424242424242425 0.11515151515151514 0.11515151515151516
1 0.29696969696969694 0.9507575757575758 0.17272727272727276 0.09848484848484844
1 0.45 0.9469696969696969 0.12424242424242422 0.10606060606060609
1 0.7068181818181819 0.9219696969696969 0.14696969696969703 0.13484848484848486
1 0.46060606060606063 0.543939393939394 0.2636363636363636 0.2727272727272727
1 0.7075757575757575 0.4734848484848485 0.1939393939393939 0.1833333333333333
1 0.9265151515151504 0.4303030303030301 0.14696969696969903 0.20606060606060622
1 0.8416666666666667 0.22954545454545458 0.18636363636363626 0.14696969696969697
1 0.6636363636363636 0.2196969696969697 0.14545454545454534 0.10909090909090907
1 0.4393939393939394 0.3810606060606061 0.13939393939393938 0.08333333333333329
1 0.2446969696969696 0.6257575757575755 0.22272727272727258 0.15151515151515182
1 0.23939393939393938 0.8030303030303027 0.28181818181818213 0.2424242424242423
1 0.5356060606060606 0.7537878787878789 0.14393939393939423 0.1409090909090909
1 0.7060606060606059 0.5901515151515152 0.1666666666666667 0.10151515151515149
1 0.9159090909090909 0.8477272727272728 0.16818181818181827 0.2560606060606061
1 0.8174242424242424 0.8871212121212122 0.11060606060606062 0.15
1 0.6962121212121213 0.8030303030303031 0.134848484848485 0.10606060606060609
1 0.756060606060606 0.6840909090909085 0.2 0.09848484848484836
1 0.5560606060606061 0.9212121212121213 0.17878787878787883 0.15757575757575765
1 0.6128787878787878 0.37727272727272726 0.1893939393939393 0.08484848484848484
1 0.8575757575757575 0.325 0.17575757575757578 0.09242424242424242
0 0.04545454545454545 0.18863636363636363 0.06666666666666667 0.17727272727272728
