1 0.41439393939393937 0.1628787878787879 0.33484848484848484 0.3257575757575758
1 0.15 0.21060606060606057 0.26666666666666666 0.33939393939393936
1 0.05606060606060606 0.3386363636363636 0.11212121212121212 0.25303030303030305
1 0.08636363636363636 0.6886363636363637 0.17272727272727273 0.29242424242424236
1 0.24696969696969698 0.5333333333333333 0.18484848484848493 0.17575757575757578
1 0.34924242424242424 0.46742424242424235 0.12575757575757573 0.18333333333333335
1 0.5371212121212122 0.49015151515151517 0.25606060606060604 0.2318181818181818
1 0.7886363636363636 0.5106060606060606 0.14090909090909093 0.22727272727272735
1 0.6840909090909091 0.27424242424242423 0.17424242424242428 0.23030303030303031
1 0.9053030303030303 0.3924242424242424 0.18939393939393936 0.2545454545454545
1 0.8878787878787878 0.11136363636363637 0.09696969696969703 0.12272727272727274
1 0.6636363636363637 0.7015151515151514 0.13333333333333344 0.28181818181818197
1 0.7977272727272728 0.8810606060606058 0.24393939393939404 0.21666666666666623
1 0.8484848484848484 0.6909090909090909 0.19393939393939405 0.16363636363636352
1 0.5939393939393934 0.9446969696969697 0.18787878787878767 0.11060606060606033
1 0.34621212121212125 0.7818181818181819 0.3196969696969697 0.3484848484848485
1 0.06742424242424244 0.9234848484848485 0.13484848484848486 0.15303030303030313
1 0.70530303030303 0.037121212121212124 0.15303030303030346 0.07424242424242425
