1 0.3143939393939394 0.11666666666666665 0.25909090909090915 0.2333333333333333
1 0.4295454545454545 0.3363636363636364 0.17727272727272733 0.22121212121212117
1 0.4916666666666667 0.14772727272727273 0.13181818181818186 0.15
1 0.08863636363636364 0.14393939393939395 0.1712121212121212 0.23333333333333336
1 0.10984848484848479 0.6909090909090908 0.1621212121212121 0.2000000000000005
1 0.23863636363636367 0.812878787878788 0.20151515151515156 0.1803030303030303
1 0.3757575757575758 0.8234848484848485 0.09090909090909087 0.10454545454545454
1 0.24242424242424243 0.6151515151515151 0.19090909090909094 0.14848484848484853
1 0.061363636363636356 0.5484848484848486 0.12272727272727271 0.17878787878787883
1 0.22272727272727275 0.30378787878787883 0.27575757575757576 0.14090909090909098
