1 0.26465661641541033 0.4103852596314904 0.2780569514237858 0.33165829145728687
1 0.345896147403685 0.7085427135678389 0.27303182579564506 0.28810720268006773
1 0.42546063651591287 0.13986599664991625 0.25795644891122277 0.17252931323283083
1 0.6859296482412062 0.9179229480737016 0.25293132328308177 0.16415410385259535
1 0.3978224455611391 0.9195979899497487 0.28978224455611395 0.16080402010050246
1 0.11055276381909548 0.6767169179229481 0.22110552763819097 0.2847571189279731
1 0.5460636515912896 0.6231155778894466 0.19430485762144042 0.2780569514237853
1 0.13986599664991625 0.28726968174204354 0.23283082077051925 0.18592964824120606
1 0.7562814070351759 0.5695142378559465 0.1524288107202679 0.16415410385259632
1 0.6340033500837515 0.23953098827470676 0.18927973199329892 0.1608040201005024
1 0.45644891122278053 0.3316582914572864 0.2395309882747069 0.2445561139028476
1 0.824120603015075 0.8408710217755444 0.2412060301507536 0.27470686767169183
1 0.6582914572864321 0.43634840871021763 0.16750418760468977 0.21608040201005005
1 0.06281407035175877 0.43802345058626463 0.12562814070351755 0.18927973199329964
