1 0.34840871021775544 0.7144053601340034 0.2512562814070352 0.2964824120603015
1 0.2830820770519263 0.4078726968174202 0.3149078726968174 0.33333333333333376
1 0.42462311557788945 0.14237855946398645 0.24288107202680054 0.17755443886097125
1 0.12897822445561138 0.27386934673366836 0.23115577889447234 0.17587939698492466
1 0.11055276381909548 0.6725293132328309 0.22110552763819097 0.3098827470686768
1 0.0636515912897822 0.43634840871021746 0.1273031825795644 0.1959798994974865
1 0.6306532663316582 0.24790619765494107 0.18592964824120636 0.15410385259631457
1 0.5293132328308204 0.6256281407035172 0.21440536013400377 0.2763819095477394
1 0.49748743718592986 0.34422110552763785 0.18760469011725336 0.2663316582914566
1 0.4003350083752094 0.907035175879397 0.3082077051926298 0.18257956448911217
1 0.6733668341708524 0.9246231155778881 0.24120603015075306 0.15075376884421984
1 0.8207705192629815 0.8450586264656615 0.23785594639865992 0.27973199329983245
1 0.7596314907872695 0.5678391959798995 0.1658291457286431 0.14405360134003353
1 0.6566164154103853 0.4304857621440536 0.12060301507537688 0.19095477386934667
1 0.1407035175879397 0.1407035175879396 0.19095477386934673 0.0971524288107201
