1 0.32878787878787885 0.13636363636363635 0.1757575757575758 0.1515151515151515
1 0.05530303030303029 0.15909090909090903 0.11060606060606058 0.16060606060606053
1 0.20833333333333331 0.0659090909090909 0.15303030303030304 0.1318181818181818
1 0.4515151515151515 0.06969696969696969 0.21818181818181814 0.13333333333333333
1 0.4181818181818182 0.8287878787878787 0.23939393939393927 0.16666666666666682
1 0.8583333333333334 0.7878787878787878 0.17424242424242423 0.21212121212121218
1 0.7265151515151516 0.9098484848484848 0.20151515151515162 0.1742424242424241
1 0.5962121212121212 0.8333333333333333 0.12272727272727288 0.19696969696969688
1 0.676515151515151 0.6772727272727266 0.1893939393939387 0.2060606060606047
1 0.37727272727272726 0.6833333333333332 0.17878787878787875 0.13636363636363633
1 0.1393939393939394 0.8863636363636362 0.2787878787878788 0.22727272727272735
1 0.03333333333333334 0.5537878787878786 0.06666666666666668 0.207575757575758
1 0.12803030303030302 0.5704545454545454 0.12575757575757573 0.20151515151515156
1 0.0696969696969697 0.3810606060606061 0.1393939393939394 0.15000000000000008
1 0.171969696969697 0.3848484848484848 0.09545454545454544 0.15151515151515152
1 0.2840909090909091 0.3924242424242424 0.10757575757575757 0.10909090909090907
1 0.6401515151515151 0.5265151515151515 0.1621212121212122 0.14696969696969703
1 0.4462121212121212 0.5727272727272728 0.15303030303030304 0.13333333333333328
1 0.4409090909090909 0.41590909090909095 0.10606060606060605 0.10757575757575771
1 0.46439393939393936 0.1931818181818182 0.10151515151515149 0.13484848484848486
1 0.45378787878787874 0.25757575757575757 0.15 0.0787878787878788
1 0.5704545454545454 0.2825757575757576 0.09848484848484851 0.11060606060606062
1 0.24242424242424243 0.25606060606060604 0.10303030303030301 0.10303030303030297
1 0.21439393939393941 0.7310606060606061 0.11363636363636369 0.0803030303030303
1 0.35075757575757566 0.9545454545454546 0.14999999999999997 0.0909090909090905
1 0.7787878787878786 0.5348484848484848 0.10000000000000026 0.10909090909090903
1 0.6378787878787878 0.40530303030303033 0.1545454545454546 0.11363636363636352
1 0.6537878787878788 0.20530303030303032 0.10151515151515149 0.08636363636363636
1 0.6803030303030303 0.2962121212121212 0.12121212121212117 0.11666666666666664
1 0.9106060606060606 0.9568181818181819 0.13333333333333328 0.08636363636363625
