1 0.3560606060606062 0.39469696969696977 0.23333333333333303 0.3015151515151515
1 0.10984848484848485 0.41818181818181815 0.1863636363636364 0.1909090909090912
1 0.16439393939393937 0.15606060606060607 0.15606060606060607 0.17272727272727273
1 0.06818181818181818 0.0734848484848485 0.13636363636363635 0.14696969696969697
1 0.30454545454545456 0.18863636363636366 0.13333333333333336 0.18030303030303035
1 0.7007575757575758 0.3 0.19848484848484843 0.17575757575757578
1 0.8613636363636361 0.2803030303030302 0.1378787878787882 0.21212121212121227
1 0.9257575757575754 0.09469696969696967 0.1484848484848485 0.18939393939393934
1 0.6659090909090906 0.11893939393939396 0.1621212121212113 0.21363636363636368
1 0.1916666666666666 0.2924242424242424 0.1348484848484849 0.1363636363636363
1 0.45833333333333326 0.15303030303030302 0.19242424242424241 0.22121212121212117
1 0.05757575757575758 0.25833333333333336 0.11515151515151516 0.10757575757575757
