2 0.024999999999999994 0.23712121212121215 0.04999999999999999 0.41666666666666674
1 1.0356060606060598 0.687121212121212 0.23787878787878797 0.2378787878787885
1 0.9371212121212124 0.5515151515151514 0.3499999999999998 0.3999999999999999
1 0.8780303030303032 0.4068181818181818 0.2439393939393939 0.21666666666666667
1 0.1693792076417664 0.8859228786386096 0.29277028335335886 0.34208554198390495
1 0.2174242424242424 0.47196969696969704 0.2136363636363636 0.15000000000000008
1 0.9075757575757569 0.8492424242424242 0.1848484848484836 0.30151515151515174
1 0.951515151515149 1.0977272727272716 0.25454545454545596 0.19545454545454372
1 0.32954545454545453 0.9280303030303025 0.39545454545454556 0.1439393939393925
1 0.07575757575757575 0.8424242424242417 0.1515151515151515 0.29999999999999927
1 0.22651515151515128 0.4909090909090915 0.22878787878787818 0.1121212121212122
1 0.2621212121212119 0.3537878787878787 0.24848484848484817 0.09242424242424213
