1 0.8757575757575754 0.41136363636363654 0.24848484848484798 0.21060606060606082
1 0.2090909090909091 0.47727272727272735 0.25757575757575757 0.14545454545454553
1 0.24393939393939396 0.7045454545454546 0.35454545454545444 0.31515151515151524
1 1.0416666666666634 0.6825757575757576 0.2530303030303029 0.23787878787878736
1 0.8413242255497364 0.4824372419241594 0.3435219783283938 0.4074022013580738
1 0.9083333333333331 0.846969696969697 0.18333333333333285 0.30606060606060614
1 0.3325757575757576 0.9242424242424243 0.3924242424242425 0.14848484848484858
1 0.5659090909090903 0.9727272727272716 0.25606060606060504 0.05454545454545701
1 0.9356060606060536 1.0962121212121216 0.24090909090909216 0.19242424242424086
1 0.059090909090909124 0.8454545454545459 0.11818181818181825 0.29696969696969644
1 0.12727272727272754 0.8287878787878791 0.08484848484848526 0.26666666666666733
1 0.2689393939393939 0.34696969696969704 0.2772727272727273 0.08787878787878789
