1 0.25909090909090904 0.8765151515151516 0.21212121212121215 0.1863636363636364
1 0.38409090909090904 0.7272727272727272 0.18333333333333335 0.15454545454545454
1 0.5946969696969697 0.696969696969697 0.1954545454545454 0.19696969696969696
1 0.7719696969696969 0.7136363636363637 0.1803030303030303 0.1878787878787879
1 0.9250000000000003 0.6742424242424242 0.1499999999999994 0.19393939393939397
1 0.8977272727272727 0.22727272727272727 0.1772727272727272 0.20606060606060608
1 0.3064416217355591 0.3769119078378955 0.26936007559919534 0.2618785442298705
1 0.12272727272727275 0.36363636363636354 0.2454545454545455 0.2818181818181822
1 0.1636363636363633 0.1121212121212121 0.29696969696969633 0.2242424242424242
1 0.43257575757575756 0.0712121212121212 0.23181818181818198 0.1424242424242424
1 0.6803030303030297 0.14015151515151514 0.32121212121212006 0.2803030303030303
1 0.728787878787879 0.49242424242424204 0.26666666666666694 0.2969696969696964
1 0.9166666666666662 0.4575757575757576 0.166666666666666 0.24848484848484842
1 0.15378787878787883 0.6530303030303031 0.30757575757575767 0.30303030303030326
1 0.5367980904170494 0.45810612994243544 0.2410366052441834 0.2946165677074497
