1 0.4825757575757575 0.6575757575757577 0.14090909090909087 0.16969696969696976
1 0.2196969696969694 0.5575757575757571 0.19393939393939333 0.23030303030303081
1 0.09318181818181819 0.15984848484848485 0.18636363636363637 0.22878787878787876
1 0.043939393939393945 0.31666666666666665 0.08787878787878789 0.19090909090909094
1 0.06818181818181818 0.46439393939393936 0.13333333333333333 0.1287878787878788
1 0.08863636363636365 0.7795454545454547 0.17727272727272728 0.11666666666666645
1 0.4242424242424243 0.8590909090909088 0.15454545454545482 0.23333333333333325
1 0.375 0.48863636363636365 0.11363636363636363 0.21060606060606063
1 0.24772727272727274 0.3363636363636357 0.2378787878787881 0.21515151515151523
1 0.29393939393939394 0.17727272727272728 0.12727272727272726 0.10909090909090907
1 0.2643939393939392 0.04999999999999999 0.18939393939393928 0.09999999999999998
