1 0.15151515151515152 0.27121212121212124 0.30303030303030304 0.16969696969696973
1 0.4825757575757576 0.2878787878787879 0.3742424242424242 0.21515151515151515
1 0.7045454545454546 0.17954545454545456 0.29696969696969694 0.3045454545454546
1 0.8075757575757576 0.47045454545454546 0.27878787878787875 0.3257575757575758
1 0.75 0.8166666666666669 0.26666666666666666 0.2212121212121214
1 0.9310606060606054 0.7204545454545453 0.13787878787878696 0.38939393939393907
1 0.5280303030303031 0.571969696969697 0.33484848484848484 0.3378787878787879
1 0.4856060606060606 0.85 0.32272727272727253 0.2939393939393938
1 0.18106060606060603 0.9204545454545452 0.36212121212121207 0.15909090909090953
1 0.19545454545454546 0.5765151515151514 0.39090909090909093 0.4378787878787882
1 0.4416666666666665 0.07954545454545453 0.25303030303030316 0.15606060606060604
1 0.17045454545454553 0.043939393939393945 0.17727272727272728 0.08787878787878789
1 0.24242424242424263 0.10909090909090903 0.18787878787878826 0.15757575757575748
