1 0.21590909090909094 0.5606060606060607 0.1772727272727273 0.1727272727272728
1 0.09772727272727275 0.4393939393939394 0.1863636363636364 0.23030303030303031
1 0.06818181818181823 0.07045454545454545 0.13636363636363644 0.1409090909090909
1 0.2613636363636362 0.10227272727272728 0.271212121212121 0.20454545454545456
1 0.5378787878787876 0.5075757575757575 0.2303030303030298 0.21212121212121196
1 0.7507575757575756 0.5424242424242425 0.20454545454545453 0.16969696969696976
1 0.9295454545454546 0.5401515151515152 0.14090909090909093 0.18939393939393945
1 0.8318181818181807 0.3212121212121211 0.3363636363636359 0.3181818181818179
1 0.8666666666666663 0.07045454545454546 0.16060606060606097 0.14090909090909093
1 0.5954545454545452 0.24696969696969695 0.1757575757575756 0.18484848484848493
