0 0.12196969696969702 0.6780303030303025 0.13181818181818192 0.2318181818181826
1 0.5636363636363637 0.7484848484848484 0.15454545454545454 0.16060606060606047
1 0.6136363636363635 0.9128787878787878 0.2242424242424244 0.1742424242424245
1 0.8007575757575758 0.8780303030303032 0.1803030303030303 0.1863636363636364
1 0.7878787878787881 0.5916666666666667 0.2484848484848486 0.28636363636363626
1 0.8007575757575757 0.38863636363636367 0.1863636363636364 0.15303030303030302
1 0.8469696969696967 0.15606060606060607 0.13939393939393932 0.12424242424242421
1 0.8212121212121217 0.2628787878787878 0.1272727272727283 0.08333333333333318
1 0.9454545454545454 0.22575757575757577 0.10909090909090899 0.2
1 0.943939393939393 0.06590909090909096 0.11212121212121223 0.13181818181818192
1 0.9507575757575755 0.4401515151515152 0.098484848484848 0.22575757575757577
1 0.9303030303030296 0.7681818181818181 0.13939393939393793 0.31818181818181845
