1 0.08409090909090908 0.14772727272727273 0.16818181818181815 0.18636363636363634
1 0.28030303030303017 0.1492424242424242 0.22121212121212114 0.21666666666666662
1 0.4075757575757576 0.3484848484848485 0.19090909090909086 0.19090909090909094
1 0.5310606060606057 0.16666666666666669 0.2530303030303029 0.23333333333333328
1 0.8121212121212119 0.12878787878787878 0.16969696969696912 0.16666666666666663
1 0.20151515151515142 0.35151515151515134 0.2636363636363634 0.2606060606060604
1 0.2643939393939393 0.4992424242424242 0.1348484848484847 0.12272727272727285
1 0.1560606060606061 0.5893939393939394 0.2272727272727273 0.23636363636363633
1 0.18787878787878795 0.7863636363636363 0.18787878787878792 0.1636363636363635
1 0.42803030303030304 0.8704545454545454 0.17727272727272733 0.16515151515151516
1 0.706060606060606 0.6265151515151516 0.2181818181818182 0.2227272727272728
1 0.6696969696969697 0.8719696969696968 0.30303030303030287 0.25606060606060604
1 0.9007575757575753 0.7295454545454545 0.1984848484848486 0.3166666666666668
1 0.8727272727272734 0.9393939393939396 0.13333333333333255 0.12121212121212106
1 0.2643939393939393 0.9166666666666669 0.24090909090909066 0.16666666666666616
1 0.08257575757575758 0.8628787878787878 0.13484848484848486 0.16515151515151516
1 0.8856060606060606 0.29848484848484835 0.2287878787878792 0.21818181818181848
1 0.9530303030302999 0.4674242424242414 0.0939393939393928 0.2136363636363642
1 0.7469696969696972 0.387121212121212 0.17272727272727237 0.2742424242424244
