1 0.12575757575757573 0.14469696969696969 0.21818181818181814 0.24393939393939396
1 0.12272727272727271 0.6628787878787876 0.24545454545454543 0.31666666666666665
1 0.26212121212121237 0.8795454545454545 0.1939393939393944 0.1984848484848481
1 0.3787878787878787 0.7348484848484845 0.18181818181818182 0.1636363636363629
1 0.5939393939393939 0.6893939393939393 0.19393939393939397 0.18484848484848493
1 0.7696969696969697 0.7075757575757575 0.16363636363636375 0.17878787878787888
1 0.9272727272727265 0.6734848484848484 0.14545454545454417 0.21060606060606013
1 0.38863636363636345 0.31060606060606033 0.22878787878787854 0.24848484848484798
1 0.6598484848484836 0.1409090909090909 0.3469696969696945 0.2818181818181818
1 0.903030303030303 0.22803030303030306 0.1878787878787878 0.1984848484848485
1 0.9037878787878788 0.4522727272727272 0.19242424242424214 0.2530303030303029
1 0.7257575757575758 0.49621212121212116 0.24848484848484845 0.27424242424242423
1 0.5068181818181818 0.48560606060606076 0.1863636363636363 0.20454545454545428
