0 0.11818181818181817 0.6772727272727272 0.12727272727272726 0.20909090909090972
1 0.5606060606060607 0.7477272727272728 0.1575757575757576 0.14393939393939392
1 0.6174242424242424 0.918939393939394 0.19242424242424236 0.1621212121212122
1 0.8007575757575754 0.8825757575757572 0.14999999999999944 0.18939393939394067
1 0.9318181818181818 0.7750000000000001 0.1363636363636368 0.328787878787879
1 0.7840909090909087 0.5878787878787878 0.25606060606060504 0.27878787878787903
1 0.9378787878787879 0.23787878787878788 0.12424242424242422 0.1969696969696969
1 0.8477272727272728 0.16136363636363638 0.12272727272727266 0.13484848484848486
1 0.8196969696969693 0.2734848484848484 0.1454545454545448 0.10454545454545469
1 0.803030303030303 0.38484848484848494 0.1636363636363637 0.16060606060606047
1 0.9393939393939392 0.06893939393939391 0.1212121212121215 0.13787878787878782
1 0.9583333333333327 0.44393939393939374 0.08333333333333229 0.22727272727272688
