1 0.12424242424242424 0.14242424242424243 0.22121212121212122 0.24545454545454548
1 0.39545454545454545 0.30833333333333335 0.20606060606060603 0.22272727272727275
1 0.6666666666666665 0.13863636363636367 0.3515151515151514 0.27727272727272734
1 0.9121212121212119 0.2287878787878788 0.16666666666666713 0.2121212121212121
1 0.5098484848484849 0.4825757575757576 0.15909090909090906 0.19545454545454546
1 0.7204545454545453 0.48181818181818203 0.2560606060606063 0.28484848484848463
1 0.916666666666666 0.46212121212121215 0.16666666666666502 0.2515151515151519
1 0.596969696969697 0.7 0.16363636363636375 0.19090909090909094
1 0.7674242424242425 0.7128787878787878 0.16818181818181827 0.1803030303030303
1 0.9287878787878787 0.662878787878788 0.13939393939393951 0.17121212121212132
1 0.6166666666666667 0.3257575757575758 0.19696969696969696 0.10303030303030304
1 0.3803030303030303 0.731060606060606 0.16060606060606059 0.16212121212121194
1 0.26515151515151514 0.8712121212121212 0.19393939393939394 0.19696969696969702
1 0.125 0.6598484848484838 0.25 0.328787878787879
