1 0.881060606060606 0.921969696969697 0.23787878787878797 0.15606060606060596
1 0.6121212121212121 0.9515151515151515 0.24545454545454548 0.09696969696969689
1 0.37348484848484853 0.9242424242424243 0.2287878787878788 0.14848484848484858
1 0.1015151515151515 0.9227272727272728 0.1727272727272727 0.15454545454545454
1 0.08939393939393937 0.7378787878787878 0.17878787878787875 0.19999999999999984
1 0.3742424242424242 0.7386363636363636 0.19090909090909086 0.19848484848484843
1 0.5689393939393937 0.8295454545454548 0.16515151515151558 0.12575757575757576
1 0.553030303030303 0.6984848484848485 0.12424242424242415 0.11212121212121204
1 0.6166666666666667 0.5856060606060606 0.13333333333333322 0.1409090909090908
1 0.4621212121212121 0.5659090909090909 0.2 0.17424242424242437
1 0.05227272727272727 0.5772727272727272 0.10454545454545454 0.12727272727272718
1 0.2181818181818182 0.6681818181818183 0.10303030303030308 0.13939393939393946
1 0.4431818181818182 0.396969696969697 0.17121212121212126 0.13939393939393938
1 0.5787878787878789 0.4568181818181818 0.08484848484848484 0.09242424242424249
1 0.6765151515151515 0.41818181818181815 0.12272727272727288 0.12727272727272726
1 0.6765151515151515 0.30833333333333335 0.11969696969696955 0.10151515151515149
1 0.8090909090909091 0.24621212121212122 0.1363636363636364 0.15909090909090914
1 0.8924242424242423 0.09015151515151515 0.11212121212121218 0.11363636363636363
1 0.75 0.07878787878787877 0.15454545454545468 0.15757575757575754
1 0.6780303030303031 0.1962121212121212 0.140909090909091 0.13787878787878788
1 0.24242424242424243 0.3628787878787878 0.15757575757575762 0.18030303030303027
1 0.1575757575757576 0.4553030303030303 0.1515151515151515 0.17121212121212118
1 0.03484848484848485 0.40530303030303033 0.0696969696969697 0.15303030303030296
1 0.2931818181818182 0.25378787878787873 0.11363636363636363 0.1227272727272727
1 0.20984848484848484 0.20075757575757575 0.08030303030303028 0.08636363636363638
1 0.29924242424242425 0.12121212121212122 0.11363636363636367 0.14545454545454548
1 0.4340909090909091 0.07121212121212121 0.12272727272727274 0.14242424242424243
1 0.5613636363636364 0.09545454545454544 0.08939393939393937 0.11212121212121212
1 0.5446969696969697 0.23333333333333336 0.09242424242424249 0.12424242424242425
1 0.44242424242424233 0.225 0.11212121212121211 0.14696969696969694
1 0.18484848484848482 0.1128787878787878 0.09393939393939402 0.10454545454545437
1 0.07954545454545454 0.2878787878787879 0.10151515151515152 0.1363636363636364
1 0.04393939393939394 0.13636363636363635 0.08787878787878788 0.10909090909090911
