1 0.06893939393939394 0.13181818181818183 0.13787878787878788 0.18484848484848487
1 0.1553030303030303 0.1659090909090909 0.08636363636363635 0.10757575757575756
1 0.22424242424242422 0.2318181818181818 0.11515151515151516 0.15454545454545454
1 0.6712121212121213 0.3515151515151515 0.13333333333333341 0.16969696969696965
1 0.23560606060606062 0.3795454545454545 0.09848484848484848 0.1257575757575758
1 0.7651515151515152 0.8068181818181818 0.2575757575757575 0.2075757575757576
1 0.6143939393939395 0.9507575757575758 0.16515151515151516 0.09848484848484844
1 0.7984848484848485 0.9507575757575757 0.20909090909090922 0.08939393939393953
1 0.40681818181818186 0.9507575757575758 0.13484848484848477 0.09848484848484844
1 0.6545454545454545 0.5659090909090909 0.12424242424242429 0.15
1 0.7643939393939394 0.46818181818181814 0.15303030303030313 0.15454545454545446
1 0.8962121212121212 0.5128787878787879 0.14090909090909093 0.1257575757575758
1 0.5196969696969697 0.6303030303030304 0.20909090909090913 0.16060606060606056
1 0.5515151515151515 0.7954545454545453 0.17878787878787883 0.17575757575757578
1 0.25227272727272726 0.7537878787878788 0.1318181818181818 0.14999999999999986
1 0.393939393939394 0.7969696969696969 0.10909090909090907 0.1666666666666667
1 0.0696969696969697 0.803030303030303 0.1393939393939394 0.19090909090909094
1 0.05530303030303031 0.5257575757575758 0.11060606060606062 0.1666666666666667
1 0.37121212121212127 0.5636363636363636 0.11515151515151509 0.10909090909090907
1 0.6015151515151516 0.47727272727272735 0.11212121212121225 0.09393939393939398
1 0.26363636363636367 0.5674242424242425 0.10000000000000003 0.09848484848484851
1 0.05 0.3803030303030303 0.1 0.09696969696969689
1 0.12575757575757573 0.3106060606060606 0.08484848484848484 0.13333333333333333
1 0.19015151515151515 0.6356060606060606 0.0803030303030303 0.1257575757575757
1 0.1681818181818182 0.9325757575757575 0.10606060606060605 0.13484848484848486
1 0.9621212121212122 0.9174242424242425 0.07575757575757577 0.16515151515151516
1 0.9681818181818181 0.5568181818181818 0.0636363636363636 0.11060606060606056
1 0.7166666666666666 0.6681818181818181 0.11515151515151516 0.054545454545454536
