1 0.8946969696969695 0.6371212121212122 0.21060606060606 0.24696969696969698
1 0.7280303030303031 0.6265151515151516 0.15909090909090934 0.16212121212121228
1 0.8484848484848484 0.3719696969696969 0.3030303030303033 0.2984848484848485
1 0.4795454545454546 0.37575757575757557 0.2803030303030303 0.3121212121212126
1 0.7718569816276919 0.4159547676502434 0.22278739056664015 0.19114987180859422
1 0.44469696969696954 0.1143939393939394 0.2833333333333329 0.2287878787878788
1 0.17196969696969722 0.13409090909090904 0.2803030303030308 0.2681818181818181
1 0.8230429427108956 0.15694379929679245 0.21740088041691488 0.2539126211953705
1 0.8878787878787877 0.10303030303030303 0.22424242424242385 0.20606060606060606
1 0.6560606060606058 0.037121212121212124 0.25151515151515097 0.07424242424242425
