1 0.25757575757575774 0.8757575757575756 0.21212121212121196 0.19696969696969732
1 0.3856060606060607 0.7265151515151521 0.17727272727272744 0.15000000000000105
1 0.15681818181818183 0.6583333333333333 0.30757575757575756 0.2924242424242424
1 0.12348484848484849 0.35454545454545455 0.24696969696969698 0.26363636363636367
1 0.3146969318056471 0.3629190394352959 0.26000980172715155 0.27212045545685565
1 0.16742424242424236 0.11363636363636363 0.2893939393939393 0.22727272727272727
1 0.6840909090909091 0.13939393939393935 0.3136363636363639 0.2787878787878787
1 0.4212121212121213 0.05833333333333333 0.22424242424242402 0.11666666666666665
1 0.8969696969696969 0.2143939393939394 0.19696969696969702 0.18939393939393936
1 0.7272727272727273 0.49393939393939407 0.27575757575757576 0.28787878787878807
1 0.5946969696969697 0.6954545454545454 0.18939393939393936 0.1878787878787878
1 0.7674242424242425 0.7159090909090909 0.18333333333333332 0.18333333333333324
1 0.9234848484848486 0.6689393939393941 0.1530303030303028 0.1803030303030303
1 0.918939393939394 0.45227272727272727 0.1621212121212122 0.253030303030303
1 0.3757575757575754 0.5121212121212119 0.26363636363636317 0.28484848484848446
