1 0.3628787878787879 0.5825757575757575 0.36515151515151517 0.36515151515151517
1 0.5939393939393937 0.27121212121212124 0.23030303030303106 0.3575757575757576
1 0.7969696969696969 0.18181818181818182 0.23030303030303087 0.36363636363636365
1 0.8022727272727272 0.4446969696969697 0.14696969696969703 0.12878787878787876
1 0.6749999999999994 0.6106060606060604 0.26212121212121314 0.30303030303030365
1 0.05227272727272727 0.14696969696969694 0.10454545454545454 0.2545454545454545
1 0.025757575757575757 0.3696969696969697 0.051515151515151514 0.3575757575757574
1 0.09696969696969697 0.6500000000000002 0.19393939393939394 0.3757575757575765
1 0.2765151515151515 0.29999999999999993 0.3681818181818181 0.24848484848484856
1 0.3636363636363636 0.07727272727272727 0.3303030303030303 0.15454545454545454
1 0.9643939393939394 0.14469696969696969 0.0712121212121211 0.28939393939393937
