2 0.14166666666666672 0.18712121212121197 0.28333333333333344 0.37424242424242393
1 0.25984848484848483 0.3477272727272727 0.2863636363636364 0.0651515151515152
1 0.04848484848484849 0.3931818181818183 0.09696969696969698 0.1075757575757575
1 0.24393939393939376 0.6886363636363632 0.3484848484848482 0.2833333333333325
1 0.21287878787878786 0.46818181818181825 0.2196969696969697 0.16363636363636339
1 0.8048207724728529 0.4656577270226295 0.3373229892884724 0.3999703525260532
1 0.8787878787878788 0.4022727272727273 0.2424242424242425 0.22575757575757577
1 0.8113636363636363 0.6719696969696969 0.27424242424242423 0.2136363636363636
1 0.9106060606060606 0.8477272727272728 0.1787878787878786 0.3045454545454545
1 0.7015151515151514 0.8999999999999995 0.2515151515151513 0.19999999999999893
1 0.5583333333333332 0.9719696969696967 0.25909090909090954 0.05606060606060653
1 0.33030303030303043 0.9257575757575742 0.39393939393939453 0.14848484848484894
1 0.06439393939393942 0.8484848484848486 0.12878787878787884 0.30303030303030304
1 0.05378787878787879 0.5507575757575754 0.10757575757575757 0.2833333333333331
1 0.8416666666666666 0.51969696969697 0.1742424242424245 0.11212121212121148
