1 0.2721943048576214 0.14154103852596314 0.3969849246231156 0.2830820770519263
1 0.16750418760469007 0.4447236180904524 0.33500837520938015 0.35343383584589655
1 0.5929648241206024 0.20268006700167496 0.2780569514237847 0.2981574539363483
1 0.457286432160804 0.7830820770519263 0.31825795644891114 0.30653266331658297
1 0.1574539363484087 0.7914572864321607 0.3149078726968174 0.3433835845896148
1 0.4463986599664988 0.4966499162479064 0.2060301507537684 0.2495812395309886
1 0.7144053601340034 0.5896147403685092 0.31658291457286425 0.33835845896147404
1 0.722780569514238 0.8844221105527637 0.33668341708542715 0.23115577889447256
1 0.927973199329983 0.12981574539363483 0.1440536013400334 0.25963149078726966
1 0.7562814070351759 0.10887772194304857 0.2294807370184256 0.21440536013400333
