1 0.11666666666666665 0.1803030303030303 0.13333333333333333 0.17272727272727273
1 0.23333333333333336 0.24015151515151514 0.09090909090909097 0.1409090909090909
1 0.5560606060606061 0.43409090909090914 0.1666666666666667 0.19848484848484835
1 0.6825757575757576 0.49242424242424243 0.08939393939393937 0.12424242424242422
1 0.7583333333333333 0.5416666666666667 0.15606060606060596 0.11363636363636367
1 0.8007575757575758 0.4393939393939394 0.09545454545454532 0.13030303030303025
1 0.925 0.49772727272727274 0.15 0.2227272727272728
1 0.9583333333333333 0.6568181818181819 0.08333333333333343 0.11969696969696976
1 0.8007575757575757 0.6969696969696969 0.14393939393939392 0.1363636363636364
1 0.7446969696969696 0.8022727272727272 0.10454545454545468 0.11666666666666671
1 0.8439393939393939 0.6098484848484849 0.11212121212121218 0.09848484848484851
1 0.6363636363636364 0.9371212121212121 0.14545454545454548 0.1257575757575758
1 0.5098484848484849 0.9477272727272728 0.21060606060606055 0.10454545454545454
1 0.2667590318174325 0.869887612708334 0.1681818181818176 0.23798514694168102
1 0.14126087024505835 0.8568551267959056 0.13787878787878763 0.22572153983997814
1 0.042424242424242434 0.8856060606060606 0.08484848484848487 0.22575757575757593
1 0.3795454545454545 0.6727272727272726 0.17424242424242423 0.22121212121212117
1 0.5954545454545456 0.7984848484848491 0.2212121212121213 0.19393939393939502
1 0.5734848484848478 0.6499999999999996 0.1560606060606061 0.09393939393939359
1 0.5901515151515152 0.5727272727272728 0.06515151515151502 0.06666666666666664
1 0.31666666666666665 0.4984848484848484 0.16969696969696968 0.1606060606060606
1 0.20303030303030303 0.6484848484848484 0.15151515151515155 0.16969696969696976
1 0.055303030303030305 0.6113636363636364 0.11060606060606061 0.09848484848484851
1 0.09545454545454547 0.5174242424242425 0.1 0.14393939393939392
1 0.175 0.41666666666666674 0.11666666666666665 0.20000000000000007
1 0.047727272727272736 0.3325757575757576 0.09545454545454547 0.20151515151515156
