1 0.10227272727272727 0.1765151515151515 0.12272727272727274 0.1621212121212121
1 0.2287878787878788 0.24166666666666672 0.11212121212121211 0.14393939393939395
1 0.043939393939393945 0.3318181818181818 0.08787878787878789 0.2
1 0.16893939393939392 0.41666666666666674 0.12575757575757573 0.1757575757575757
1 0.31212121212121213 0.5 0.1606060606060606 0.1575757575757576
1 0.5545454545454546 0.42727272727272736 0.16969696969696968 0.19393939393939397
1 0.6765151515151515 0.5007575757575757 0.10454545454545446 0.11363636363636367
1 0.7515151515151516 0.5484848484848485 0.14848484848484858 0.09090909090909094
1 0.9143939393939394 0.49015151515151517 0.17121212121212126 0.14393939393939398
1 0.815151515151515 0.375 0.15757575757575765 0.12575757575757573
1 0.05757575757575758 0.6098484848484849 0.11515151515151516 0.10454545454545454
1 0.0931818181818182 0.5083333333333333 0.1257575757575758 0.1257575757575757
1 0.20303030303030303 0.6553030303030303 0.14848484848484847 0.19848484848484854
1 0.371969696969697 0.675 0.18636363636363634 0.2257575757575757
1 0.30833333333333335 0.8401515151515152 0.18939393939393942 0.24393939393939404
1 0.5886363636363636 0.7939393939393941 0.22575757575757577 0.1939393939393939
1 0.7909090909090909 0.6795454545454546 0.27878787878787875 0.2287878787878787
1 0.7924242424242425 0.9378787878787876 0.13939393939393915 0.12424242424242415
1 0.9159090909090909 0.8704545454545455 0.10454545454545454 0.13181818181818186
1 0.9537878787878787 0.796969696969697 0.08636363636363625 0.14848484848484844
1 0.6303030303030304 0.9462121212121213 0.14848484848484853 0.1075757575757575
1 0.4939393939393939 0.9454545454545457 0.16969696969696962 0.10606060606060609
1 0.15151515151515152 0.8477272727272727 0.11212121212121211 0.2227272727272728
1 0.048484848484848485 0.8772727272727272 0.09696969696969697 0.21818181818181814
1 0.575 0.6469696969696969 0.14090909090909093 0.09090909090909079
1 0.5931818181818183 0.5696969696969697 0.06212121212121218 0.06666666666666664
