1 0.5689393939393939 0.4545454545454545 0.3015151515151514 0.26969696969696977
1 0.1431818181818182 0.6416666666666666 0.2863636363636364 0.328787878787879
1 0.39848484848484844 0.8068181818181819 0.29090909090909084 0.26515151515151514
1 0.8325757575757575 0.7803030303030303 0.33484848484848484 0.27878787878787875
1 0.8780303030303018 0.5007575757575755 0.2439393939393935 0.2500000000000005
1 0.16515151515151516 0.10833333333333334 0.17575757575757575 0.18030303030303027
1 0.2689393939393939 0.3553030303030302 0.35909090909090907 0.36818181818181794
1 0.46590909090909094 0.18333333333333332 0.30151515151515157 0.2727272727272727
1 0.8174242424242425 0.11060606060606061 0.20757575757575764 0.20606060606060606
1 0.8159090909090908 0.2840909090909091 0.17424242424242437 0.17121212121212126
