1 0.13106060606060607 0.13863636363636367 0.22575757575757577 0.24090909090909104
1 0.12878787878787878 0.6613636363636367 0.25757575757575757 0.3136363636363631
1 0.27045454545454545 0.8787878787878788 0.18939393939393942 0.1939393939393939
1 0.3931818181818182 0.7310606060606061 0.1863636363636364 0.1621212121212122
1 0.3909090909090908 0.30757575757575756 0.2060606060606058 0.23636363636363625
1 0.6651515151515145 0.1393939393939394 0.35454545454545305 0.2787878787878788
1 0.9159090909090901 0.22348484848484848 0.16818181818181985 0.21969696969696975
1 0.7257575757575755 0.4871212121212116 0.2727272727272723 0.28333333333333305
1 0.5984848484848484 0.6916666666666668 0.19090909090909086 0.1803030303030303
1 0.7727272727272727 0.7098484848484848 0.17878787878787875 0.17424242424242437
1 0.928030303030303 0.6689393939393942 0.14090909090909104 0.1924242424242429
1 0.5045454545454549 0.4810606060606061 0.19090909090909128 0.19242424242424236
1 0.9136363636363631 0.45075757575757563 0.17272727272727373 0.25303030303030305
