1 0.15757575757575754 0.5439393939393937 0.1969696969696969 0.19696969696969735
1 0.3696969696969684 0.3954545454545449 0.25454545454545435 0.3030303030303023
1 0.11742424242424242 0.3166666666666667 0.23484848484848483 0.3212121212121212
1 0.554545454545454 0.2636363636363636 0.18181818181818302 0.18484848484848482
1 0.8537878787878793 0.2818181818181818 0.15303030303030246 0.2363636363636365
1 0.9174242424242399 0.09924242424242424 0.16515151515151472 0.1984848484848485
1 0.3090909090909091 0.1810606060606061 0.1606060606060606 0.15303030303030302
1 0.0734848484848485 0.0696969696969697 0.146969696969697 0.1393939393939394
1 0.8151515151515153 0.5015151515151516 0.14545454545454548 0.08484848484848477
1 0.6689393939393935 0.11590909090909082 0.18030303030303135 0.21060606060606044
1 0.7484848484848484 0.22954545454545452 0.01818181818181813 0.01969696969696969
1 0.7090909090909091 0.2878787878787879 0.20909090909090908 0.17272727272727276
