1 0.22196969696969668 0.5537878787878785 0.3984848484848479 0.401515151515151
1 0.4848484848484849 0.852272727272727 0.33333333333333315 0.2954545454545459
1 0.7590909090909093 0.8219696969696973 0.24242424242424213 0.24393939393939326
1 0.9318181818181812 0.7249999999999999 0.13636363636363508 0.3833333333333335
1 0.17499999999999996 0.9242424242424242 0.33787878787878783 0.15151515151515155
1 0.7984848484848481 0.4871212121212122 0.2666666666666667 0.3348484848484845
1 0.5446969696969697 0.5363636363636364 0.2196969696969697 0.32424242424242417
1 0.47575757575757577 0.2787878787878788 0.33939393939393947 0.1757575757575757
1 0.7310606060606061 0.14924242424242426 0.27121212121212124 0.25909090909090915
1 0.4431818181818176 0.0787878787878788 0.28030303030302994 0.1575757575757576
1 0.22272727272727275 0.11212121212121212 0.19696969696969702 0.18181818181818182
1 0.14772727272727285 0.2734848484848483 0.29242424242424264 0.1530303030303027
