1 0.125 0.13560606060606062 0.20151515151515154 0.21969696969696972
1 0.3924242424242424 0.3015151515151515 0.21212121212121207 0.21818181818181814
1 0.12348484848484846 0.6598484848484847 0.24696969696969692 0.32575757575757547
1 0.2636363636363636 0.8780303030303032 0.19090909090909094 0.1621212121212122
1 0.3515151515151516 0.7431818181818182 0.20606060606060614 0.18333333333333418
1 0.5946969696969697 0.6924242424242425 0.17121212121212126 0.17575757575757578
1 0.7674242424242425 0.7121212121212122 0.16515151515151516 0.18484848484848476
1 0.9227272727272726 0.6659090909090909 0.14545454545454573 0.18636363636363634
1 0.7295454545454549 0.490909090909091 0.2863636363636358 0.28181818181818197
1 0.9159090909090909 0.4484848484848485 0.16818181818181827 0.2545454545454545
1 0.9037878787878788 0.22803030303030306 0.18636363636363626 0.2196969696969697
1 0.6613636363636363 0.1371212121212121 0.3499999999999998 0.2742424242424242
1 0.49924242424242427 0.484848484848485 0.16818181818181852 0.19999999999999996
