0 0.04606365159128978 0.18844221105527637 0.06867671691792294 0.17587939698492464
1 0.06030150753768844 0.9480737018425455 0.12060301507537688 0.10385259631490876
1 0.23534338358458962 0.809045226130653 0.2931323283082077 0.27135678391959706
1 0.289782244556114 0.9463986599664993 0.17085427135678388 0.10720268006700179
1 0.23785594639865998 0.6180904522613063 0.22445561139028483 0.14740368509212695
1 0.5552763819095476 0.6574539363484091 0.17922948073701814 0.13902847571189367
1 0.7051926298157454 0.5896147403685091 0.1943048576214406 0.10385259631490783
1 0.431323283082077 0.9405360134003351 0.12897822445561147 0.11892797319932996
1 0.7043551088777217 0.9229480737018431 0.15577889447236212 0.15410385259631415
1 0.44053601340033405 0.37604690117252915 0.18090452261306494 0.09882747068676757
1 0.4706867671691794 0.5050251256281397 0.2646566164154102 0.17922948073701947
1 0.6214405360134003 0.373534338358459 0.1608040201005025 0.07705192629815741
1 0.926298157453936 0.4279731993299831 0.1474036850921274 0.2160804020100503
1 0.8391959798994979 0.22194304857621439 0.21440536013400238 0.14572864321608053
1 0.6608040201005025 0.22613065326633167 0.15242881072026804 0.11725293132328303
1 0.7085427135678392 0.4664991624790619 0.21105527638190977 0.16247906197654932
1 0.7646566164154102 0.7211055276381911 0.19932998324958143 0.17252931323283083
1 0.9103852596314909 0.6541038525963149 0.1624790619765494 0.14237855946398661
1 0.8283082077051924 0.8886097152428811 0.10887772194304915 0.1524288107202676
1 0.9212730318257952 0.8492462311557787 0.15745393634840957 0.2680067001675044
1 0.5653266331658293 0.9137353433835844 0.12227805695142348 0.1725293132328312
