1 0.6708542713567839 0.25795644891122277 0.25963149078726955 0.23450586264656614
1 0.8350083752093798 0.7621440536013401 0.3299832495812394 0.3082077051926297
1 0.06951423785594632 0.46984924623115587 0.13902847571189264 0.23953098827470648
1 0.26884422110552764 0.5016750418760472 0.24958123953098826 0.3065326633165827
1 0.24455611390284754 0.22948073701842545 0.17755443886097141 0.2043551088777219
1 0.3743718592964824 0.09715242881072028 0.13567839195979903 0.17420435510887775
1 0.09380234505862646 0.8852596314907872 0.18760469011725292 0.2294807370184257
1 0.20770519262981565 0.9631490787269682 0.16415410385259627 0.07370184254606357
1 0.3299832495812393 0.9053601340033494 0.22445561139028442 0.1892797319932999
1 0.5418760469011734 0.9237855946398663 0.2160804020100507 0.15242881072026754
1 0.8693467336683416 0.5184254606365157 0.15075376884422156 0.13902847571189317
1 0.9522613065326627 0.3877721943048572 0.09547738693467286 0.23283082077051898
1 0.6038525963149075 0.698492462311557 0.17587939698492405 0.19430485762144176
1 0.821608040201005 0.15326633165829148 0.1825795644891123 0.1624790619765494
1 0.8793969849246233 0.051088777219430496 0.2412060301507529 0.10217755443886099
1 0.9036850921273032 0.2613065326633166 0.18927973199329984 0.17085427135678394
1 0.8149078726968173 0.4095477386934674 0.1490787269681742 0.1490787269681742
1 0.9204355108877708 0.9405360134003342 0.15912897822445554 0.11892797319932834
1 0.23031825795644892 0.059463986599664995 0.1557788944723618 0.11892797319932999
