1 0.1530303030303031 0.13333333333333333 0.3060606060606062 0.26666666666666666
1 0.4446969696969697 0.11212121212121218 0.2712121212121214 0.22424242424242433
1 0.884848484848485 0.10151515151515152 0.23030303030302954 0.20303030303030303
1 0.7265151515151511 0.6265151515151514 0.1560606060606067 0.16818181818181802
1 0.8969696969696969 0.6348484848484847 0.20606060606060533 0.24242424242424238
1 0.8416666666666666 0.37499999999999994 0.3166666666666668 0.3045454545454546
1 0.8401471401592372 0.15530152567842312 0.20856696109812048 0.2523203502226673
1 0.6545454545454537 0.03787878787878783 0.2363636363636362 0.07575757575757566
1 0.4659090909090908 0.38030303030303014 0.25909090909090887 0.309090909090909
1 0.7351075873363732 0.41801462823468627 0.16060606060605942 0.19064595751564103
