1 0.09924242424242424 0.4075757575757576 0.1984848484848485 0.22121212121212122
1 0.3007575757575758 0.47424242424242424 0.1984848484848485 0.23939393939393944
1 0.7905819866153285 0.6679087871435262 0.20191562820383596 0.10162010515392382
1 0.6203982276007791 0.47069842736739564 0.14535600497163917 0.227440056807872
1 0.9808375701432581 1.138963090112669 0.28462728571760715 0.28095648325564715
1 0.4687163580220415 1.1518418779914599 0.30583940692972933 0.30368375598291913
1 0.6755345398402249 1.0465388476884303 0.24068789177821195 0.2536837559829212
1 0.595231509537195 1.0397206658702458 0.21644546753578428 0.07944133174049746
1 0.6196969696969695 0.5590909090909092 0.20303030303030326 0.18787878787878806
1 0.0712121212121212 0.646212121212121 0.1424242424242424 0.15909090909090942
1 0.23333333333333328 0.5795454545454547 0.19696969696969707 0.14393939393939464
1 0.5045454545454546 0.6378787878787879 0.24545454545454548 0.06060606060606069
