1 0.262121212121212 0.8772727272727268 0.21212121212121185 0.1939393939393929
1 0.3757575757575758 0.7280303030303031 0.17575757575757586 0.1621212121212122
1 0.5992424242424242 0.6954545454545454 0.18636363636363634 0.19393939393939383
1 0.775 0.7121212121212117 0.17121212121212082 0.18787878787878728
1 0.9257575757575754 0.6643939393939395 0.14848484848484916 0.1833333333333333
1 0.7272727272727271 0.48787878787878775 0.2696969696969701 0.27272727272727304
1 0.9113636363636352 0.4560606060606065 0.1772727272727258 0.2545454545454553
1 0.9083333333333325 0.22803030303030306 0.18333333333333302 0.2136363636363636
1 0.6795454545454546 0.13939393939393935 0.31666666666666693 0.2787878787878787
1 0.15909090909090912 0.11212121212121212 0.31818181818181823 0.22424242424242424
1 0.3072750703860979 0.35790577766815423 0.26976536328786144 0.2797137770483179
1 0.125 0.3621212121212122 0.25 0.2787878787878794
1 0.15378787878787878 0.6537878787878786 0.30757575757575756 0.3015151515151518
1 0.5518243978954047 0.47186089086788363 0.22020671610195852 0.32078951911711173
1 0.43030303030303046 0.07954545454545453 0.22424242424242385 0.15909090909090906
