1 0.3772727272727267 0.6348484848484848 0.25151515151515025 0.27575757575757565
1 0.31289743175937335 0.36270582557017583 0.26231593895133454 0.26738817254084
1 0.1628787878787878 0.11136363636363635 0.30151515151515135 0.2227272727272727
1 0.25909090909090915 0.8795454545454543 0.21818181818181814 0.1984848484848481
1 0.3765151515151516 0.7265151515151514 0.17424242424242428 0.1530303030303033
1 0.6290702920209279 0.679320784890745 0.1808823610646162 0.19758997878429466
1 0.8123070665048104 0.6804096823801725 0.16746116840427402 0.1840264338973994
1 0.4522727272727266 0.9606060606060616 0.30151515151514996 0.30909090909091097
1 0.9977272727272728 0.48712121212121096 0.2712121212121219 0.26818181818181747
1 0.5329841586924605 0.43945365062041253 0.2572151835029529 0.28057514576923037
1 0.9931818181818187 0.4136363636363636 0.30757575757576017 0.27575757575757703
1 0.6636363636363635 0.2249999999999999 0.23939393939393894 0.14999999999999977
1 0.9045454545454545 0.21818181818181817 0.18181818181818188 0.1939393939393939
1 0.9181818181818181 0.45454545454545453 0.16363636363636375 0.25757575757575757
1 0.9265151515151515 0.6681818181818181 0.1287878787878789 0.17575757575757578
