2 0.8795454545454545 0.2121212121212121 0.24090909090909093 0.4242424242424242
1 0.7136363636363636 0.43560606060606055 0.1969696969696971 0.1833333333333333
1 0.39166666666666666 0.6651515151515152 0.18030303030303027 0.215151515151515
1 0.6530303030303015 0.6969696969696966 0.3090909090909082 0.3424242424242412
1 0.18106060606060595 0.8871212121212121 0.25303030303030305 0.22575757575757563
1 0.4287878787878789 0.8719696969696966 0.24242424242424299 0.25606060606060554
1 0.6901515151515153 0.9393939393939392 0.25303030303030266 0.12121212121212137
1 0.9363636363636363 0.702272727272727 0.12727272727272726 0.30151515151515196
1 0.8477272727272727 0.8409090909090909 0.15909090909090906 0.29696969696969705
1 1.0151515151515131 0.47727272727272785 0.2606060606060595 0.09696969696969787
1 0.5562067041281548 0.7354358135485338 0.10089380539349387 0.21603039453722814
