1 0.8969696969696958 0.866666666666667 0.19090909090909045 0.1757575757575764
1 0.571969696969697 0.9409090909090909 0.15000000000000008 0.11818181818181812
1 0.26515151515151514 0.6984848484848487 0.18484848484848476 0.18484848484848526
1 0.3265151515151514 0.45681818181818173 0.25 0.2803030303030302
1 0.11363636363636362 0.5325757575757577 0.20909090909090908 0.19848484848484851
1 0.10984848484848485 0.3318181818181818 0.21666666666666665 0.22121212121212122
1 0.06818181818181818 0.1416666666666667 0.13636363636363635 0.18636363636363637
1 0.1318181818181818 0.044696969696969714 0.19090909090909094 0.08939393939393943
1 0.4621212121212121 0.1939393939393939 0.18484848484848485 0.1939393939393939
1 0.2537878787878786 0.18560606060606047 0.2318181818181817 0.2621212121212119
1 0.5159090909090909 0.5287878787878785 0.1621212121212122 0.15757575757575815
1 0.682575757575757 0.6249999999999999 0.14696969696969683 0.15909090909090876
1 0.7098484848484847 0.4325757575757578 0.21060606060606038 0.21666666666666706
1 0.5121212121212122 0.3803030303030303 0.19696969696969696 0.1666666666666666
1 0.665151515151515 0.23787878787878783 0.22424242424242402 0.19696969696969677
1 0.5628787878787879 0.08787878787878788 0.18939393939393917 0.17575757575757575
1 0.7924242424242428 0.07954545454545453 0.2666666666666667 0.15909090909090906
1 0.9196969696969691 0.14090909090909082 0.16060606060606045 0.2242424242424241
1 0.8340909090909091 0.2545454545454545 0.11969696969696969 0.18484848484848485
1 0.9439393939393937 0.34166666666666673 0.11212121212121152 0.17424242424242423
1 0.9704545454545439 0.4984848484848486 0.05909090909090962 0.18484848484848493
1 0.8833333333333327 0.4212121212121211 0.13333333333333283 0.1484848484848482
1 0.5 0.7136363636363636 0.2848484848484846 0.24242424242424274
1 0.09469696969696968 0.7696969696969695 0.18939393939393936 0.2848484848484852
1 0.32878787878787874 0.8553030303030303 0.16363636363636355 0.15909090909090906
