1 0.45454545454545453 0.9333333333333335 0.10606060606060609 0.0939393939393939
1 0.33939393939393947 0.9121212121212122 0.08484848484848488 0.07575757575757577
1 0.28181818181818186 0.8424242424242425 0.09393939393939398 0.08484848484848484
1 0.1946969696969697 0.8643939393939394 0.07727272727272724 0.0651515151515153
1 0.2636363636363636 0.587121212121212 0.06363636363636367 0.07121212121212117
1 0.5143939393939394 0.6772727272727274 0.07121212121212132 0.07878787878787875
1 0.5030303030303029 0.7757575757575756 0.1 0.09090909090909079
1 0.40151515151515155 0.5719696969696969 0.0757575757575757 0.06818181818181827
1 0.734090909090909 0.6886363636363637 0.07424242424242422 0.12272727272727266
1 0.7984848484848479 0.7962121212121211 0.09696969696969679 0.08030303030303027
1 0.6287878787878788 0.7810606060606059 0.051515151515151486 0.05909090909090921
1 0.3560606060606061 0.7598484848484849 0.07272727272727274 0.0772727272727272
