1 0.1553030303030303 0.13560606060606062 0.3106060606060606 0.27121212121212124
1 0.44545454545454577 0.11439393939393935 0.2666666666666672 0.2287878787878787
1 0.886363636363636 0.09924242424242422 0.22727272727272654 0.19848484848484843
1 0.6992424242424243 0.19696969696969702 0.24393939393939404 0.2303030303030303
1 0.8386363636363634 0.3742424242424241 0.3136363636363634 0.3090909090909094
1 0.7272727272727273 0.6272727272727272 0.14848484848484844 0.16363636363636366
1 0.8901515151515151 0.6310606060606061 0.2196969696969697 0.23787878787878788
1 0.4621212121212121 0.3803030303030303 0.2878787878787879 0.30909090909090897
1 0.6492424242424241 0.45151515151515154 0.1499999999999998 0.24848484848484836
1 0.6477272727272724 0.03636363636363637 0.22878787878787857 0.07272727272727274
