1 0.10606060606060604 0.634090909090909 0.21212121212121207 0.23484848484848542
1 0.4800854645974181 0.7905532494769166 0.35611169166863166 0.41500989965827806
1 0.1037878787878788 0.3719696969696969 0.2075757575757576 0.3166666666666668
1 0.5856060606060608 0.34469696969696967 0.3954545454545457 0.3893939393939393
1 0.8878787878787878 0.6583333333333331 0.22424242424242355 0.31363636363636394
1 0.26590909090909093 0.5454545454545452 0.153030303030303 0.3181818181818176
1 0.23863636363636367 0.03333333333333334 0.2742424242424242 0.06666666666666668
1 0.29385230712145605 0.5103355397570482 0.3164482059736875 0.2529006395054932
1 0.9068181818181816 0.10909090909090909 0.1863636363636361 0.21818181818181817
1 0.8886363636363633 0.3636363636363636 0.2227272727272713 0.2787878787878787
1 0.7007575757575757 0.09696969696969696 0.25303030303030355 0.1787878787878788
