2 0.8863636363636364 0.21363636363636362 0.22727272727272715 0.42727272727272725
1 0.19090909090909086 0.8856060606060607 0.22121212121212122 0.22878787878787846
1 0.4386363636363636 0.875 0.25606060606060604 0.25
1 0.7015151515151515 0.9424242424242422 0.26363636363636345 0.11515151515151459
1 0.3871212121212118 0.6560606060606066 0.22575757575757585 0.2000000000000003
1 0.6598484848484852 0.6999999999999987 0.31969696969696976 0.3454545454545452
1 0.9356060606060592 0.7007575757575754 0.12878787878787845 0.31060606060605955
1 0.7128787878787882 0.4393939393939392 0.21060606060606005 0.1969696969696967
1 0.9037878787878774 0.5022727272727265 0.19242424242424241 0.1348484848484841
1 0.626774209572051 0.48663687736416195 0.09726914286700838 0.19863010202511194
1 0.965151515151514 0.9393939393939386 0.06969696969696747 0.12121212121211954
1 0.8280303030303028 0.8431818181818181 0.11363636363636381 0.3136363636363633
