1 0.2606060606060606 0.8734848484848484 0.20606060606060608 0.19545454545454546
1 0.3893939393939394 0.7333333333333334 0.18484848484848482 0.17272727272727267
1 0.5962121212121212 0.6909090909090909 0.1803030303030303 0.19090909090909094
1 0.7674242424242423 0.7075757575757575 0.17121212121212126 0.17878787878787888
1 0.9272727272727272 0.6613636363636366 0.13939393939394 0.1924242424242421
1 0.15909090909090906 0.6643939393939394 0.3181818181818181 0.32272727272727264
1 0.1257575757575757 0.3560606060606058 0.2515151515151514 0.266666666666667
1 0.15833333333333324 0.11212121212121211 0.3166666666666665 0.22121212121212117
1 0.31748256666079966 0.36652211976959315 0.25566440275057173 0.2407251200283493
1 0.6818181818181818 0.14242424242424243 0.3151515151515152 0.28484848484848485
1 0.42651515151515157 0.0840909090909091 0.22575757575757557 0.1681818181818182
1 0.8939393939393939 0.225 0.1848484848484847 0.2075757575757576
1 0.7257575757575755 0.484090909090909 0.2666666666666662 0.27424242424242407
1 0.9212121212121213 0.45151515151515154 0.15757575757575765 0.24242424242424243
1 0.5278578581623607 0.45389362119577326 0.21240498208458436 0.2828595216117792
