1 0.7795454545454545 0.48181818181818187 0.16515151515151502 0.1878787878787879
1 0.7856060606060606 0.2598484848484848 0.134848484848485 0.1590909090909092
1 0.8446969696969697 0.15984848484848485 0.12272727272727281 0.12272727272727275
1 0.9568181818181819 0.07424242424242425 0.08636363636363625 0.1484848484848485
1 0.5484848484848485 0.07575757575757577 0.1636363636363636 0.15151515151515155
1 0.45 0.5666666666666667 0.1818181818181818 0.18484848484848485
1 0.553030303030303 0.6992424242424242 0.12424242424242415 0.13787878787878788
1 0.5606060606060607 0.8356060606060606 0.18181818181818188 0.1409090909090908
1 0.6204545454545455 0.9568181818181819 0.2257575757575757 0.08636363636363625
1 0.6136363636363636 0.5825757575757575 0.11818181818181812 0.1469696969696969
1 0.6560606060606059 0.4257575757575758 0.07575757575757577 0.11515151515151523
1 0.6621212121212122 0.30606060606060603 0.10606060606060602 0.12121212121212117
1 0.3734848484848484 0.9227272727272728 0.20151515151515154 0.15454545454545454
1 0.37727272727272726 0.7484848484848484 0.203030303030303 0.20303030303030298
1 0.09469696969696971 0.9257575757575753 0.16515151515151516 0.1484848484848482
1 0.08863636363636364 0.7318181818181819 0.17727272727272728 0.1878787878787878
1 0.22272727272727275 0.6742424242424242 0.11515151515151512 0.1515151515151515
1 0.23257575757575757 0.36666666666666664 0.13181818181818183 0.18787878787878792
1 0.3257575757575758 0.45681818181818185 0.06969696969696973 0.1348484848484849
1 0.44242424242424244 0.40606060606060607 0.14545454545454548 0.14848484848484844
1 0.5606060606060607 0.35454545454545455 0.0939393939393939 0.14545454545454548
1 0.2893939393939394 0.2553030303030303 0.11818181818181821 0.12575757575757573
1 0.4409090909090909 0.23939393939393938 0.11515151515151509 0.1606060606060606
1 0.29696969696969694 0.11742424242424242 0.1303030303030303 0.1318181818181818
1 0.06818181818181818 0.2871212121212121 0.11212121212121211 0.12878787878787876
1 0.037121212121212124 0.40454545454545454 0.07424242424242425 0.1363636363636364
1 0.04015151515151515 0.5568181818181818 0.0803030303030303 0.12272727272727266
1 0.15454545454545454 0.4818181818181818 0.11212121212121211 0.13939393939393938
1 0.7068181818181811 0.04772727272727276 0.14393939393939503 0.09545454545454551
1 0.2196969696969697 0.2068181818181818 0.0818181818181818 0.08030303030303035
1 0.18257575757575759 0.11287878787878787 0.09545454545454547 0.09848484848484848
