1 0.16969696969696968 0.1356060606060606 0.2787878787878787 0.2712121212121212
1 0.4439393939393939 0.11439393939393935 0.2666666666666668 0.2287878787878787
1 0.47727272727272746 0.3803030303030303 0.28484848484848513 0.3000000000000003
1 0.6378787878787879 0.4530303030303029 0.12424242424242432 0.24242424242424254
1 0.725 0.6295454545454543 0.146969696969697 0.15909090909090948
1 0.8999999999999987 0.6401515151515149 0.19999999999999904 0.22575757575757552
1 0.8424242424242422 0.37348484848484825 0.3151515151515148 0.30757575757575706
1 0.6984848484848475 0.17045454545454544 0.24545454545454765 0.16515151515151522
1 0.885606060606061 0.09393939393939393 0.2287878787878787 0.18787878787878787
1 0.6515151515151509 0.038636363636363635 0.21212121212121196 0.07727272727272727
