1 0.1568181818181818 0.13863636363636359 0.2378787878787879 0.23787878787878783
1 0.19015151515151513 0.3416666666666666 0.1984848484848484 0.16212121212121222
1 0.2598484848484847 0.4992424242424242 0.23484848484848464 0.23181818181818187
1 0.31439393939393945 0.696969696969697 0.18636363636363648 0.18181818181818166
1 0.09848484848484836 0.8575757575757577 0.19090909090909064 0.16666666666666682
1 0.7931818181818181 0.6386363636363639 0.22878787878787918 0.1924242424242432
1 0.4257575757575758 0.42727272727272725 0.15454545454545454 0.18484848484848485
1 0.06212121212121212 0.4083333333333334 0.1 0.1560606060606061
1 0.7106060606060606 0.17348484848484846 0.20606060606060603 0.23787878787878788
1 0.6727272727272725 0.4303030303030304 0.3121212121212116 0.29090909090909084
1 0.8757575757575757 0.4992424242424242 0.14242424242424248 0.14090909090909093
1 0.9022727272727268 0.2772727272727271 0.19545454545454455 0.3242424242424242
