1 0.1159090909090909 0.17424242424242425 0.1409090909090909 0.17575757575757578
1 0.23106060606060602 0.2386363636363636 0.10757575757575788 0.1409090909090909
1 0.04696969696969697 0.32272727272727275 0.09393939393939393 0.2
1 0.1552293810560624 0.4340810177578942 0.13785640286276246 0.174410775493099
1 0.31136363636363634 0.5037878787878788 0.14999999999999997 0.156060606060606
1 0.5492424242424242 0.4340909090909091 0.17121212121212132 0.18333333333333335
1 0.6704545454545454 0.5007575757575757 0.10151515151515149 0.11969696969696962
1 0.7803030303030303 0.3795454545454545 0.15151515151515155 0.12878787878787887
1 0.9356060606060602 0.37878787878787873 0.12878787878787856 0.1848484848484847
1 0.7643939393939394 0.5734848484848485 0.14999999999999974 0.15606060606060598
1 0.925 0.5356060606060606 0.15 0.13484848484848486
1 0.8454545454545456 0.8272727272727266 0.2575757575757575 0.25454545454545474
1 0.5992424242424244 0.8007575757575757 0.21969696969696945 0.21060606060606077
1 0.30378787878787866 0.8363636363636361 0.19242424242424275 0.22424242424242466
1 0.37196969696969673 0.6575757575757577 0.21060606060606057 0.16969696969696954
1 0.20303030303030303 0.6462121212121212 0.14545454545454542 0.18333333333333343
1 0.06060606060606061 0.65 0.12121212121212122 0.16969696969696968
1 0.08863636363636364 0.5098484848484849 0.09848484848484848 0.1318181818181818
1 0.15075757575757576 0.8446969696969695 0.13787878787878782 0.2196969696969698
1 0.047727272727272736 0.8810606060606061 0.09545454545454547 0.23787878787878788
1 0.5045454545454545 0.9446969696969691 0.2272727272727274 0.1106060606060616
1 0.5924242424242423 0.6424242424242425 0.14848484848484836 0.10606060606060609
1 0.5931818181818183 0.5696969696969697 0.06818181818181827 0.06666666666666664
