1 0.10303030303030303 0.6310606060606061 0.20606060606060606 0.24696969696969706
1 0.15637815876767358 0.6344918413840454 0.31275631753534705 0.20575984282759083
1 0.5719696969696964 0.33712121212121177 0.40151515151515016 0.37727272727272665
1 0.2772727272727271 0.5469696969696969 0.17272727272727237 0.3272727272727274
1 0.9106060606060601 1.137878787878784 0.3787878787878778 0.4090909090908992
1 1.1053030303030302 0.9772727272727295 0.21969696969696875 0.31515151515151324
1 1.1106060606060593 0.6431818181818177 0.22424242424242644 0.28030303030303083
1 0.9393939393939396 0.22272727272727252 0.24545454545454554 0.14242424242424237
1 0.9060606060606056 0.10984848484848478 0.1878787878787873 0.21969696969696956
1 0.25606060606060604 0.22045454545454557 0.2515151515151516 0.32575757575757597
1 0.2454545454545454 0.02651515151515152 0.28787878787878796 0.05303030303030304
1 0.06515151515151514 0.10000000000000002 0.13030303030303028 0.20000000000000004
