1 0.7090909090909091 0.8257575757575757 0.26666666666666655 0.2666666666666667
1 0.7090909090909091 0.4371212121212122 0.19090909090909086 0.19848484848484851
1 0.7106060606060606 0.27651515151515155 0.15454545454545454 0.14696969696969694
1 0.8704545454545454 0.08257575757575758 0.2166666666666667 0.16515151515151516
1 0.8083333333333335 0.24772727272727274 0.11969696969696955 0.16818181818181824
1 0.9348484848484848 0.3 0.11818181818181812 0.1727272727272727
1 0.9204545454545454 0.7045454545454546 0.15909090909090906 0.20909090909090908
1 0.9060606060606061 0.4946969696969697 0.17575757575757564 0.19545454545454546
1 0.9196969696969697 0.9045454545454545 0.16060606060606084 0.19090909090909094
0 0.12424242424242425 0.6901515151515152 0.10909090909090909 0.2227272727272728
