1 0.6196969696969696 0.1606060606060606 0.23636363636363647 0.2181818181818182
1 0.9143939393939386 0.4159090909090908 0.17121212121212012 0.25303030303030305
1 0.11212121212121212 0.8621212121212122 0.22424242424242424 0.2636363636363636
1 0.07121212121212121 0.562878787878788 0.14242424242424243 0.33787878787878806
1 0.3833333333333333 0.5272727272727273 0.1878787878787879 0.19393939393939397
1 0.5628787878787879 0.47803030303030297 0.13181818181818186 0.14696969696969694
1 0.29848484848484824 0.8318181818181821 0.13939393939393938 0.13939393939393968
1 0.8825757575757575 0.946969696969697 0.18636363636363662 0.10606060606060615
1 0.9007575757575758 0.6765151515151515 0.19848484848484843 0.21060606060606069
1 0.7113636363636364 0.6772727272727272 0.1530303030303029 0.1636363636363636
1 0.5333333333333334 0.6893939393939393 0.23939393939393944 0.25454545454545463
1 0.3053030303030303 0.35075757575757577 0.20454545454545453 0.17424242424242428
1 0.07499999999999998 0.20454545454545456 0.14999999999999997 0.3575757575757576
1 0.8795454545454543 0.13636363636363635 0.15000000000000047 0.13030303030303025
1 0.7386363636363636 0.41515151515151516 0.19545454545454533 0.27272727272727265
1 0.4674242424242424 0.2621212121212121 0.1712121212121211 0.18181818181818182
1 0.2037878787878788 0.5196969696969697 0.13484848484848488 0.16969696969696968
1 0.41439393939393937 0.09015151515151515 0.17121212121212118 0.14696969696969697
1 0.8939393939393939 0.24696969696969695 0.17878787878787875 0.12727272727272732
1 0.35984848484848486 0.953030303030303 0.20454545454545453 0.08787878787878782
