1 0.21893939393939402 0.17727272727272728 0.21363636363636376 0.2181818181818183
1 0.07575757575757577 0.3325757575757574 0.15151515151515155 0.21060606060606082
1 0.20075757575757577 0.4825757575757576 0.22272727272727275 0.19545454545454546
1 0.21294562340724035 1.0207056667939702 0.31392730944684555 0.3480540732607266
1 0.467230039485011 0.2554767164927817 0.23030303030302768 0.20459082718206592
1 0.8825757575757579 0.4022727272727269 0.2348484848484831 0.23484848484848506
1 0.6053030303030303 0.059848484848484845 0.18636363636363634 0.11969696969696969
1 0.4022727272727273 0.03863636363636364 0.07121212121212124 0.05606060606060606
1 0.3378787878787879 0.04848484848484848 0.06666666666666668 0.060606060606060594
1 0.8242424242424242 0.22424242424242424 0.17575757575757592 0.19393939393939397
1 0.6060606060606062 0.24242424242424232 0.26363636363636345 0.2454545454545457
1 0.8059660027647692 0.47072883860624687 0.33328238629196477 0.38954776546391495
1 0.33257575757575764 0.9272727272727274 0.39848484848484866 0.1454545454545455
1 0.9415263634301364 0.6462216727465361 0.20661878370329212 0.2690529043770949
1 0.9068181818181817 0.8484848484848486 0.18636363636363615 0.30303030303030265
1 0.6962121212121214 0.9045454545454537 0.24696969696969792 0.19090909090909128
