1 0.5724487769691511 0.6229078375367512 0.16893769800060393 0.22121212121212225
1 0.6772727272727272 0.28560606060606064 0.10909090909090921 0.14090909090909093
1 0.8242424242424242 0.27803030303030307 0.15454545454545468 0.1863636363636364
1 0.9075757575757577 0.13939393939393932 0.18484848484848462 0.2242424242424241
1 0.6553030303030303 0.13106060606060604 0.14393939393939398 0.15303030303030304
1 0.5212121212121212 0.2 0.17575757575757578 0.22121212121212125
1 0.5674242424242425 0.3856060606060606 0.18030303030303038 0.1803030303030303
1 0.40227272727272734 0.3522727272727273 0.1257575757575757 0.1560606060606061
1 0.40227272727272734 0.5007575757575757 0.14090909090909087 0.1287878787878788
1 0.47878787878787876 0.6446969696969697 0.12424242424242415 0.14090909090909093
1 0.5488012619192555 0.9234678177859821 0.14656947930293765 0.18608021474284225
1 0.4924242424242424 0.9409090909090909 0.14242424242424243 0.11818181818181812
1 0.4446969696969697 0.7916666666666665 0.1257575757575757 0.15303030303030296
1 0.20707747937333804 0.8929480214152753 0.14242424242424218 0.18110146784727077
1 0.06742424242424241 0.9371212121212121 0.13484848484848483 0.1257575757575758
1 0.09814677908096785 0.7067007869850812 0.12482580072083001 0.20200943102862776
1 0.2621212121212121 0.3522727272727273 0.14848484848484847 0.25
1 0.06515151515151517 0.34318181818181803 0.13030303030303034 0.18636363636363648
1 0.05227272727272727 0.07727272727272727 0.10454545454545454 0.15454545454545454
1 0.2674242424242424 0.1015151515151515 0.11060606060606062 0.12424242424242424
1 0.3810606060606061 0.12121212121212122 0.09242424242424242 0.11818181818181821
1 0.19242424242424241 0.1840909090909091 0.0696969696969697 0.13484848484848486
1 0.3522727272727273 0.6424242424242425 0.11060606060606058 0.19090909090909094
