1 0.7234848484848484 0.7833333333333334 0.21060606060606063 0.23636363636363641
1 0.8833333333333334 0.5181818181818181 0.18787878787878795 0.11212121212121211
1 0.39545454545454545 0.6007575757575758 0.196969696969697 0.17121212121212126
1 0.1143939393939394 0.42803030303030326 0.2287878787878788 0.3106060606060601
1 0.07500000000000004 0.1371212121212121 0.15000000000000008 0.2742424242424242
1 0.38409090909090915 0.08712121212121213 0.19848484848484854 0.17424242424242425
1 0.5674242424242424 0.05075757575757576 0.16818181818181813 0.10151515151515152
1 0.9151515151515147 0.05530303030303031 0.16969696969696949 0.11060606060606062
1 0.8174242424242424 0.12803030303030305 0.11060606060606062 0.1257575757575758
1 0.8954545454545455 0.23030303030303031 0.19696969696969688 0.23030303030303031
1 0.9742424242424239 0.3265151515151514 0.051515151515150494 0.19545454545454546
1 0.7098484848484848 0.22651515151515147 0.1621212121212122 0.1621212121212121
1 0.5416666666666666 0.23484848484848483 0.22575757575757577 0.2636363636363636
1 0.29318181818181815 0.3818181818181818 0.16212121212121228 0.13636363636363644
1 0.1159090909090909 0.9295454545454548 0.12575757575757582 0.13787878787878727
1 0.18560606060606064 0.8340909090909091 0.14393939393939395 0.10151515151515156
1 0.5310606060606061 0.9318181818181819 0.23484848484848478 0.1363636363636364
1 0.47651515151515084 0.768181818181818 0.2318181818181814 0.19090909090909025
1 0.3015151515151515 0.9083333333333334 0.2242424242424243 0.16515151515151516
1 0.22651515151515153 0.6924242424242425 0.22272727272727275 0.1939393939393939
1 0.11893939393939393 0.6272727272727273 0.17424242424242423 0.14848484848484858
1 0.34090909090909016 0.4848484848484849 0.15757575757575742 0.08181818181818185
1 0.5007575757575757 0.40984848484848485 0.07424242424242422 0.08636363636363634
