1 0.3704545454545456 0.5825757575757575 0.356060606060606 0.38030303030303003
1 0.6643939393939394 0.6174242424242424 0.26818181818181813 0.33484848484848484
1 0.5818181818181818 0.27121212121212124 0.2575757575757576 0.35454545454545455
1 0.7909090909090909 0.18409090909090906 0.20303030303030312 0.3681818181818181
1 0.2818181818181818 0.3151515151515152 0.3303030303030303 0.2636363636363636
1 0.3666666666666666 0.06818181818181818 0.3303030303030304 0.13636363636363635
1 0.05454545454545455 0.13560606060606062 0.1090909090909091 0.2287878787878788
1 0.04015151515151515 0.3583333333333333 0.0803030303030303 0.31969696969696976
1 0.10454545454545448 0.6446969696969694 0.20909090909090897 0.3681818181818181
1 0.9689393939393939 0.11287878787878788 0.06212121212121219 0.22575757575757577
1 0.7977272727272726 0.456060606060606 0.12878787878787876 0.14242424242424234
