1 0.18181818181818188 0.10833333333333335 0.29696969696969705 0.21666666666666667
1 0.31933831030102267 0.3466003080140001 0.2498876915304389 0.2677614957699717
1 0.12803030303030302 0.36666666666666664 0.25606060606060604 0.2757575757575758
1 0.2628787878787879 0.8863636363636362 0.19545454545454546 0.19696969696969702
1 0.3871212121212121 0.7318181818181819 0.14999999999999997 0.1636363636363636
1 0.5969696969696969 0.6992424242424242 0.19696969696969702 0.20151515151515148
1 0.7712121212121212 0.7189393939393941 0.18787878787878795 0.19545454545454546
1 0.925 0.6757575757575758 0.14090909090909093 0.21212121212121218
1 0.731060606060606 0.5 0.26212121212121203 0.27272727272727265
1 0.9128787878787865 0.45151515151515187 0.17424242424242378 0.23939393939394005
1 0.6863636363636363 0.13560606060606062 0.30303030303030315 0.27121212121212124
1 0.90530303030303 0.22500000000000012 0.1681818181818179 0.2045454545454546
1 0.1522727272727271 0.6583333333333333 0.3045454545454542 0.32272727272727275
1 0.40984848484848485 0.5121212121212122 0.20151515151515156 0.2757575757575757
1 0.43409090909090897 0.07651515151515145 0.20757575757575683 0.1530303030303029
