0 0.04621212121212121 0.19090909090909094 0.03787878787878789 0.17575757575757578
1 0.12348484848484848 0.5787878787878787 0.2409090909090909 0.24242424242424243
1 0.10984848484848488 0.8999999999999995 0.21969696969696975 0.199999999999999
1 0.275 0.8015151515151515 0.14393939393939392 0.15151515151515155
1 0.4257575757575758 0.9204545454545456 0.23333333333333348 0.15909090909090876
1 0.7068181818181819 0.8636363636363636 0.20454545454545453 0.20303030303030312
1 0.9356060606060607 0.7984848484848485 0.12878787878787876 0.22121212121212125
1 0.8333333333333335 0.7 0.12727272727272734 0.19090909090909094
1 0.5106060606060606 0.7477272727272729 0.2484848484848485 0.20757575757575783
1 0.3553030303030303 0.6659090909090909 0.17424242424242423 0.12878787878787876
1 0.5356060606060606 0.5613636363636363 0.15 0.13787878787878782
1 0.6287878787878785 0.4007575757575755 0.2424242424242423 0.2651515151515148
1 0.6939393939393941 0.6712121212121213 0.15757575757575776 0.1787878787878786
1 0.7878787878787876 0.5189393939393936 0.16969696969697026 0.1803030303030308
1 0.9363636363636358 0.5727272727272728 0.12727272727272662 0.21818181818181845
1 0.7825757575757575 0.3515151515151515 0.09848484848484844 0.13333333333333328
1 0.7613636363636364 0.22424242424242422 0.18636363636363626 0.12121212121212122
1 0.8689393939393938 0.1962121212121212 0.07424242424242422 0.08939393939393937
1 0.9765151515151516 0.1621212121212121 0.04696969696969702 0.1575757575757576
1 0.7537878787878789 0.08484848484848483 0.24090909090909082 0.16969696969696965
1 0.5893939393939391 0.06515151515151515 0.11818181818181789 0.1303030303030303
1 0.3757575757575759 0.45075757575757547 0.3000000000000003 0.31969696969697003
1 0.32954545454545453 0.2818181818181818 0.23181818181818184 0.14545454545454548
