1 0.8333333333333333 0.765494137353434 0.3333333333333334 0.31825795644891125
1 0.09631490787269673 0.8902847571189271 0.19262981574539345 0.219430485762142
1 0.07035175879396985 0.4648241206030152 0.1407035175879397 0.25963149078726944
1 0.2378559463986598 0.22613065326633155 0.19095477386934664 0.19430485762144056
1 0.22780569514237847 0.06616415410385258 0.16750418760469002 0.13232830820770516
1 0.8676716917922944 0.5201005025125629 0.13400335008375153 0.14237855946398648
1 0.541038525963149 0.9262981574539364 0.22780569514237847 0.14740368509212728
1 0.3207705192629816 0.899497487437186 0.2160804020100503 0.17085427135678388
1 0.26800670016750416 0.5025125628140703 0.25795644891122277 0.27805695142378556
1 0.6616415410385259 0.254606365159129 0.2680067001675042 0.23785594639865998
1 0.814070351758794 0.4112227805695143 0.15075376884422112 0.12897822445561138
1 0.6030150753768843 0.6993299832495811 0.17420435510887844 0.1859296482412061
1 0.8266331658291457 0.15159128978224456 0.15577889447236173 0.15577889447236182
1 0.9606365159128978 0.3961474036850921 0.07872696817420433 0.22278056951423789
