1 0.11666666666666668 0.8583333333333334 0.23333333333333336 0.28333333333333305
1 0.07272727272727274 0.5598484848484847 0.14545454545454548 0.3166666666666671
1 0.07196969696969698 0.21060606060606052 0.14393939393939395 0.36969696969696964
1 0.1340909090909091 0.39318181818181813 0.13484848484848486 0.1257575757575757
1 0.31212121212121213 0.34015151515151515 0.18787878787878792 0.18939393939393936
1 0.6181818181818182 0.16363636363636364 0.23939393939393952 0.2333333333333333
1 0.9196969696969697 0.37727272727272726 0.1606060606060606 0.26666666666666666
1 0.7143939393939389 0.6772727272727274 0.17121212121212043 0.18181818181818193
1 0.8772727272727271 0.9507575757575758 0.1969696969696969 0.0984848484848487
1 0.3007575757575758 0.8310606060606064 0.1439393939393941 0.14393939393939323
1 0.5295454545454545 0.7053030303030303 0.20151515151515148 0.2045454545454546
1 0.5674242424242424 0.47954545454545455 0.13787878787878788 0.13787878787878788
1 0.38257575757575757 0.521969696969697 0.20454545454545456 0.18333333333333335
1 0.20757575757575758 0.5287878787878788 0.1393939393939394 0.2
1 0.8901515151515151 0.6719696969696969 0.17424242424242437 0.22272727272727275
1 0.4719696969696968 0.2643939393939393 0.17727272727272747 0.19242424242424247
1 0.8742424242424243 0.1340909090909091 0.1272727272727272 0.11969696969696969
1 0.7310606060606061 0.40303030303030307 0.17121212121212126 0.303030303030303
1 0.29545454545454547 0.20378787878787882 0.19090909090909094 0.11060606060606062
1 0.4159090909090907 0.09166666666666672 0.17121212121212132 0.15303030303030313
1 0.34393939393939393 0.9431818181818181 0.17575757575757575 0.09242424242424235
