1 0.4128787878787879 0.1712121212121212 0.34090909090909094 0.3424242424242424
1 0.15909090909090912 0.21212121212121215 0.30909090909090914 0.3242424242424243
1 0.053030303030303004 0.3492424242424241 0.10606060606060601 0.27727272727272734
1 0.3431818181818182 0.45984848484848484 0.12878787878787876 0.14999999999999994
1 0.5378787878787878 0.4765151515151515 0.23939393939393952 0.2166666666666667
1 0.7878787878787876 0.5037878787878788 0.15454545454545499 0.24696969696969714
1 0.9166666666666669 0.40833333333333327 0.1666666666666667 0.2712121212121212
1 0.6946969696969697 0.2696969696969697 0.18636363636363626 0.23636363636363636
1 0.09242424242424242 0.696212121212121 0.18484848484848485 0.29848484848484863
1 0.2484848484848485 0.5416666666666667 0.2 0.19848484848484851
1 0.35303030303030297 0.7727272727272727 0.33333333333333326 0.3515151515151515
1 0.6712121212121209 0.7075757575757571 0.13939393939393938 0.27575757575757703
1 0.7916666666666664 0.8886363636363623 0.23787878787878775 0.22272727272727338
1 0.8446969696969698 0.7000000000000003 0.21060606060606027 0.1393939393939389
1 0.8901515151515147 0.09772727272727272 0.1378787878787884 0.18333333333333332
1 0.7227272727272727 0.03863636363636364 0.1272727272727266 0.07727272727272728
1 0.5878787878787879 0.9431818181818175 0.16969696969696973 0.11363636363636488
1 0.05757575757575757 0.9196969696969697 0.11515151515151514 0.16060606060606047
