1 0.15303030303030307 0.5030303030303032 0.15757575757575754 0.15757575757575737
1 0.05757575757575757 0.40378787878787875 0.11515151515151514 0.18030303030303035
1 0.06515151515151514 0.1803030303030303 0.13030303030303028 0.16969696969696968
1 0.3242424242424242 0.1318181818181818 0.19696969696969696 0.15454545454545457
1 0.18560606060606066 0.06893939393939391 0.15909090909090895 0.13787878787878782
1 0.44696969696969696 0.047727272727272736 0.1969696969696969 0.09545454545454547
1 0.5795454545454546 0.2613636363636364 0.1318181818181818 0.14090909090909093
1 0.6666666666666665 0.18106060606060606 0.10303030303030304 0.10454545454545454
1 0.6916666666666668 0.2757575757575757 0.11363636363636367 0.11515151515151512
1 0.31742424242424244 0.2583333333333333 0.14393939393939392 0.11666666666666664
1 0.29545454545454547 0.3590909090909091 0.15151515151515155 0.11515151515151519
1 0.29545454545454547 0.4833333333333333 0.1363636363636364 0.13636363636363633
1 0.16136363636363643 0.6833333333333331 0.237878787878788 0.2000000000000001
1 0.41212121212121194 0.6030303030303029 0.17272727272727242 0.16969696969696968
1 0.2772727272727273 0.834848484848485 0.09696969696969689 0.13333333333333333
1 0.1492424242424243 0.8909090909090912 0.19545454545454555 0.21212121212121177
1 0.4022727272727273 0.8742424242424238 0.17424242424242434 0.17575757575757683
1 0.46893939393939393 0.7446969696969699 0.15909090909090928 0.14393939393939356
1 0.6297116739320731 0.753787878787879 0.16178877334797803 0.1712121212121208
1 0.5632812500000001 0.8929687500000001 0.14843750000000008 0.16406249999999992
1 0.7187499999999991 0.9179687499999991 0.23437499999999928 0.16406249999999883
1 0.8914062499999994 0.9585937499999999 0.11093750000000022 0.08281249999999973
1 0.8625000000000003 0.7953125000000003 0.1906249999999987 0.21562500000000004
1 0.7921875000000003 0.6429687499999998 0.1906250000000002 0.1421875
1 0.6398437499999998 0.5554687499999988 0.1859375000000005 0.22343749999999965
1 0.49453125 0.50390625 0.1046875 0.14218749999999994
1 0.7898437499999998 0.5226562499999997 0.11093749999999966 0.09843749999999957
1 0.5125 0.35703125 0.1125 0.15468750000000003
1 0.45110635339774935 0.23359374999999996 0.12278729320450099 0.11406250000000014
1 0.6579943502233303 0.38383437196167636 0.17391726422063428 0.1227358978928465
