1 0.18939393939393942 0.7712121212121212 0.2787878787878788 0.31515151515151524
1 0.4537878787878789 0.859090909090909 0.25303030303030283 0.2818181818181819
1 0.4803030303030303 0.5931818181818181 0.28787878787878796 0.24090909090909085
1 0.6613636363636364 0.4196969696969697 0.28030303030303033 0.2636363636363636
1 0.6984848484848476 0.7909090909090903 0.2606060606060595 0.2696969696969697
1 0.8037878787878789 0.5878787878787878 0.25 0.22121212121212117
1 0.21515151515151515 0.4393939393939394 0.2636363636363636 0.25757575757575757
1 0.4333333333333333 0.3477272727272727 0.22424242424242416 0.23181818181818187
1 0.30757575757575756 0.20530303030303032 0.2 0.20757575757575755
1 0.048484848484848485 0.1659090909090909 0.09696969696969697 0.13181818181818183
1 0.16212121212121203 0.2318181818181818 0.1545454545454544 0.2
1 0.21969696969696975 0.059848484848484776 0.30606060606060614 0.11969696969696955
1 0.537878787878788 0.1628787878787879 0.2484848484848485 0.24696969696969698
1 0.6689393939393942 0.2272727272727273 0.15606060606060612 0.14242424242424243
1 0.8113636363636363 0.13333333333333333 0.13484848484848486 0.1606060606060606
1 0.9295454545454542 0.18863636363636363 0.11060606060606011 0.13787878787878802
1 0.8704545454545455 0.3068181818181818 0.1257575757575756 0.153030303030303
1 0.9651515151515152 0.6151515151515151 0.06969696969696969 0.2242424242424243
1 0.05606060606060606 0.5901515151515142 0.11212121212121212 0.27121212121212124
