1 0.8343487751882472 0.6908062017999602 0.1675981114963459 0.21203733279043682
1 0.9265151515151515 0.6666666666666667 0.14696969696969703 0.19393939393939405
1 0.3787878787878784 0.7295454545454547 0.166666666666666 0.15909090909090953
1 0.2590909090909091 0.875 0.20909090909090913 0.20454545454545467
1 0.15681818181818163 0.6545454545454544 0.31363636363636327 0.31818181818181845
1 0.30554651562915586 0.3796713263274627 0.2598474221281409 0.28084697726949015
1 0.728787878787879 0.49242424242424176 0.2787878787878794 0.28787878787878635
1 0.9143939393939382 0.4598484848484849 0.17121212121212093 0.2560606060606061
1 0.9068181818181819 0.22954545454545427 0.1863636363636347 0.20757575757575744
1 0.6750000000000002 0.14318181818181802 0.33181818181818135 0.28636363636363604
1 0.1636363636363638 0.11060606060606061 0.30606060606060637 0.22121212121212122
1 0.12803030303030305 0.3583333333333333 0.2560606060606061 0.2681818181818182
1 0.5429567798315313 0.45781050090486813 0.24621991458617945 0.27597350223120387
1 0.591666666666666 0.6992424242424239 0.1803030303030291 0.19545454545454485
1 0.43409090909090897 0.08484848484848474 0.22878787878787846 0.16969696969696949
