1 0.4882747068676717 0.7328308207705193 0.21608040201005024 0.24288107202680073
1 0.7018425460636506 0.8333333333333335 0.27805695142378545 0.24288107202680057
1 0.33249581239530984 0.3969849246231156 0.27638190954773867 0.29480737018425457
1 0.4681742043551088 0.21440536013400333 0.23618090452261298 0.19765494137353432
1 0.13567839195979894 0.1792294807370184 0.2713567839195979 0.3115577889447235
1 0.9028475711892796 0.3978224455611387 0.19430485762144034 0.3500837520938021
1 0.6993299832495827 0.5318257956448897 0.3601340033500844 0.4204355108877694
1 0.2127303182579564 0.5661641541038525 0.321608040201005 0.2613065326633167
1 0.24790619765494143 0.8241206030150746 0.4288107202680068 0.35175879396984866
1 0.5988274706867671 0.06867671691792294 0.2328308207705193 0.1373534338358459
