1 0.09848484848484848 0.6333333333333332 0.19696969696969696 0.2393939393939389
1 0.14696969696969708 0.6128787878787879 0.293939393939394 0.20151515151515148
1 0.29318181818181804 0.2249999999999999 0.3166666666666666 0.3196969696969695
1 0.5727272727272728 0.33712121212121204 0.3909090909090908 0.3833333333333336
1 0.933333333333328 0.2181818181818046 0.24242424242423616 0.14545454545453618
1 0.9106060606060586 1.1378787878787733 0.3818181818181776 0.40606060606059363
1 1.1106060606060548 0.9590909090908998 0.22121212121211592 0.3060606060605966
1 1.1128787878787845 0.6318181818181723 0.22575757575757083 0.27272727272726327
1 1.0916666666666637 0.3431818181818042 0.18636363636363168 0.22878787878786974
1 0.2689393939393936 0.5416666666666667 0.16515151515151438 0.31666666666666643
1 0.2666666666666668 0.031818181818181815 0.2878787878787883 0.06363636363636363
1 0.06742424242424236 0.09621212121212123 0.13484848484848472 0.19242424242424247
