1 0.16742424242424242 0.1333333333333333 0.2772727272727272 0.2666666666666666
1 0.44696969696969696 0.11060606060606061 0.2575757575757576 0.22121212121212122
1 0.8840909090909086 0.09924242424242424 0.23181818181818112 0.1984848484848485
1 0.8446969696969694 0.37272727272727274 0.31060606060606094 0.3121212121212121
1 0.8954545454545456 0.6378787878787879 0.20909090909090866 0.2333333333333333
1 0.7257575757575758 0.6287878787878788 0.1303030303030303 0.1636363636363636
1 0.4643939393939393 0.3757575757575756 0.237878787878788 0.3090909090909092
1 0.6553030303030302 0.45378787878787874 0.17121212121212076 0.22878787878787862
1 0.6613636363636356 0.20227272727272688 0.16212121212121164 0.2439393939393932
1 0.6583333333333334 0.03636363636363635 0.2136363636363635 0.0727272727272727
