1 0.09696969696969697 0.3765151515151516 0.19393939393939394 0.3015151515151513
1 0.10227272727272728 0.6325757575757571 0.20454545454545456 0.23484848484848583
1 0.533333333333333 0.7280303030303023 0.3727272727272721 0.4136363636363621
1 0.8886363636363622 0.6537878787878786 0.2227272727272719 0.32272727272727314
1 0.5712121212121216 0.33560606060606063 0.40303030303030285 0.38636363636363635
1 0.8878787878787875 0.35909090909090857 0.22424242424242347 0.27878787878788
1 0.9037878787878785 0.11136363636363637 0.1924242424242415 0.22272727272727275
1 0.06742424242424243 0.09696969696969698 0.13484848484848486 0.19393939393939397
1 0.2803030303030296 0.2053030303030301 0.2848484848484835 0.2984848484848482
1 0.2719696969696967 0.5469696969696969 0.15909090909090856 0.3363636363636363
1 0.6954545454545453 0.07954545454545452 0.2454545454545453 0.14393939393939387
