1 0.1272727272727273 0.7742424242424236 0.21515151515151515 0.23030303030303098
1 0.2878787878787879 0.5068181818181818 0.16363636363636364 0.1257575757575757
1 0.4303030303030302 0.31969696969696965 0.16060606060606028 0.23030303030303018
1 0.2977272727272726 0.234090909090909 0.17121212121212095 0.21060606060606069
1 0.3446969696969696 0.0537878787878788 0.21666666666666687 0.10757575757575757
1 0.0909090909090909 0.051515151515151514 0.1818181818181818 0.10303030303030303
1 0.12196969696969694 0.22575757575757577 0.16212121212121214 0.16969696969696982
1 0.2159090909090909 0.12121212121212122 0.10757575757575756 0.1303030303030303
1 0.4613636363636362 0.1303030303030303 0.134848484848485 0.16666666666666669
1 0.27121212121212124 0.8174242424242419 0.10909090909090903 0.17121212121211996
1 0.3098484848484848 0.7469696969696968 0.028787878787878755 0.027272727272727337
