1 0.12424242424242418 0.14393939393939395 0.22727272727272715 0.23636363636363636
1 0.12803030303030302 0.6636363636363635 0.25606060606060604 0.3212121212121207
1 0.3772727272727269 0.7287878787878799 0.178787878787878 0.1727272727272747
1 0.26212121212121214 0.8742424242424243 0.20606060606060614 0.1969696969696969
1 0.5939393939393927 0.6916666666666668 0.19696969696969677 0.2015151515151512
1 0.7727272727272728 0.712878787878788 0.17575757575757578 0.18636363636363634
1 0.9249999999999996 0.6681818181818181 0.15000000000000074 0.1848484848484847
1 0.3606458538095314 0.34817317623704885 0.2244344266832191 0.24545454545454656
1 0.6772727272727272 0.12121212121212122 0.31818181818181807 0.24242424242424243
1 0.8969696969696966 0.22878787878787862 0.20606060606060653 0.21818181818181778
1 0.7310606060606061 0.4924242424242424 0.2742424242424242 0.2818181818181818
1 0.909090909090909 0.4545454545454547 0.18181818181818232 0.24242424242424243
1 0.5007575757575755 0.4856060606060606 0.17727272727272683 0.19545454545454546
1 0.6098484848484849 0.32651515151515154 0.16818181818181813 0.07727272727272727
