1 0.7166666666666667 0.8242424242424242 0.2787878787878788 0.28484848484848496
1 0.7022727272727274 0.4363636363636364 0.18939393939393945 0.17878787878787883
1 0.7022727272727269 0.26969696969696966 0.16515151515151497 0.1636363636363636
1 0.9272727272727272 0.2984848484848485 0.14545454545454548 0.1666666666666667
1 0.8719696969696963 0.09015151515151508 0.22575757575757552 0.18030303030303016
1 0.9159090909090903 0.9015151515151509 0.16818181818181738 0.19696969696969796
1 0.9257575757575758 0.7022727272727272 0.14848484848484844 0.19545454545454546
1 0.8931818181818181 0.4803030303030303 0.18939393939393953 0.16666666666666663
1 0.6977272727272728 0.606060606060606 0.1833333333333333 0.14242424242424243
0 0.13106060606060596 0.6643939393939396 0.15000000000000016 0.19545454545454524
