1 0.4689393939393936 0.8636363636363636 0.18333333333333268 0.19393939393939383
1 0.684848484848485 0.9068181818181817 0.2696969696969697 0.18636363636363634
1 0.8189393939393939 0.7939393939393936 0.21666666666666692 0.22424242424242333
1 0.4181818181818182 0.5613636363636364 0.17272727272727267 0.17121212121212126
1 0.4946969696969697 0.43257575757575767 0.20151515151515156 0.1681818181818182
1 0.10909090909090909 0.8053030303030303 0.203030303030303 0.2075757575757575
1 0.21893939393939393 0.9265151515151513 0.1257575757575759 0.12272727272727296
1 0.2924242424242424 0.8060606060606061 0.14545454545454548 0.1878787878787878
1 0.0803030303030303 0.6174242424242425 0.1606060606060606 0.1499999999999995
1 0.06818181818181815 0.4825757575757574 0.1363636363636363 0.11969696969697007
1 0.3613636363636363 0.3727272727272725 0.1924242424242423 0.18181818181818205
1 0.2606060606060606 0.6674242424242425 0.1303030303030303 0.12272727272727266
1 0.5189393939393939 0.7015151515151515 0.13181818181818186 0.10909090909090907
1 0.2772727272727273 0.5795454545454546 0.14242424242424245 0.09545454545454547
