1 0.10075757575757571 0.4083333333333332 0.20151515151515142 0.22575757575757546
1 0.16818181818181813 0.8484848484848486 0.2909090909090908 0.30303030303030287
1 0.3661180499429464 0.41010940010745445 0.24347158626767537 0.1570268914857514
1 0.25984848484848483 0.6037878787878788 0.22575757575757577 0.1621212121212121
1 0.6174242424242417 0.5575757575757581 0.20151515151515148 0.1727272727272734
1 0.6909090909090909 0.8560606060606061 0.3212121212121212 0.28787878787878785
1 0.4174242424242424 0.793939393939394 0.27121212121212135 0.24848484848484845
1 0.3734848484848484 0.9568181818181803 0.24999999999999978 0.08636363636363577
1 0.4674242424242425 0.5037878787878788 0.13787878787878788 0.21363636363636368
1 0.07348484848484846 0.640151515151515 0.14696969696969692 0.15000000000000047
1 0.727272727272728 0.6780303030303031 0.18181818181818163 0.08333333333333356
