1 0.40454545454545454 0.16818181818181815 0.3151515151515151 0.3363636363636363
1 0.6856060606060607 0.26515151515151514 0.1833333333333332 0.2181818181818182
1 0.9075757575757575 0.3939393939393939 0.18484848484848485 0.23636363636363636
1 0.7977272727272728 0.4977272727272727 0.14696969696969683 0.24696969696969714
1 0.8818181818181817 0.0962121212121212 0.12121212121212124 0.14090909090909087
1 0.7037878787878787 0.0409090909090909 0.1348484848484849 0.0818181818181818
1 0.8575757575757575 0.20757575757575758 0.10606060606060609 0.11515151515151516
1 0.14924242424242423 0.22121212121212122 0.29848484848484846 0.3181818181818182
1 0.045454545454545456 0.34393939393939393 0.09090909090909091 0.26666666666666666
1 0.07803030303030305 0.6946969696969697 0.1560606060606061 0.27424242424242407
1 0.05909090909090908 0.9136363636363641 0.11818181818181817 0.17272727272727195
1 0.3696969696969697 0.7962121212121213 0.3212121212121212 0.3924242424242425
1 0.2583333333333333 0.5272727272727272 0.2136363636363635 0.1636363636363637
1 0.3477272727272727 0.4636363636363636 0.12272727272727277 0.15454545454545454
1 0.5363636363636364 0.49015151515151517 0.23939393939393924 0.24696969696969703
1 0.6628787878787878 0.706060606060606 0.11363636363636359 0.23939393939393944
1 0.790151515151515 0.8916666666666666 0.23484848484848458 0.21666666666666654
1 0.6030303030303024 0.9454545454545447 0.14242424242424365 0.10909090909090732
1 0.8462121212121212 0.7189393939393941 0.19545454545454533 0.16212121212121203
1 0.9696969696969697 0.9007575757575758 0.060606060606060615 0.19848484848484843
1 0.9621212121212122 0.6522727272727273 0.07575757575757577 0.1287878787878788
