0 0.12121212121212122 0.6810606060606061 0.12424242424242422 0.21969696969696975
1 0.6984848484848485 0.7416666666666666 0.2151515151515153 0.2318181818181819
1 0.6833333333333329 0.5507575757575757 0.16363636363636347 0.1469696969696968
1 0.7416666666666666 0.40606060606060607 0.18939393939393923 0.17878787878787883
1 0.8060606060606061 0.19166666666666665 0.19393939393939405 0.22878787878787876
1 0.9257575757575751 0.28787878787878796 0.1484848484848484 0.21515151515151498
1 0.8454545454545453 0.5901515151515152 0.17878787878787888 0.18939393939393945
1 0.8977272727272725 0.7856060606060605 0.20454545454545406 0.24090909090909027
1 0.9007575757575745 0.9386363636363622 0.19848484848484793 0.12272727272727205
1 0.7196969696969697 0.9575757575757575 0.23636363636363625 0.08484848484848484
1 0.9333333333333335 0.46515151515151515 0.13333333333333328 0.13333333333333336
1 0.9575757575757575 0.09621212121212121 0.08484848484848481 0.19242424242424241
1 0.8621212121212116 0.04166666666666666 0.13030303030303017 0.08333333333333331
