0 0.046969696969696974 0.1916666666666665 0.04848484848484849 0.18030303030303016
1 0.11818181818181822 0.5810606060606064 0.23636363636363644 0.24999999999999958
1 0.3689393939393939 0.4560606060606061 0.2409090909090909 0.3363636363636364
1 0.32727272727272705 0.2575757575757579 0.22121212121212092 0.09999999999999998
1 0.7 0.859090909090909 0.2121212121212121 0.2151515151515153
1 0.8219696969696969 0.7075757575757576 0.1348484848484847 0.1909090909090911
1 0.9378787878787881 0.8053030303030302 0.12424242424242424 0.23181818181818195
1 0.7810606060606059 0.5234848484848484 0.1863636363636364 0.19848484848484843
1 0.6219696969696971 0.396969696969697 0.23787878787878788 0.23030303030303031
1 0.5363636363636364 0.578030303030303 0.14242424242424243 0.13787878787878796
1 0.5128787878787879 0.7469696969696968 0.22878787878787882 0.20303030303030298
1 0.3545454545454544 0.6818181818181814 0.18181818181818157 0.16969696969697018
1 0.27954545454545454 0.8060606060606063 0.14393939393939398 0.14848484848484808
1 0.10454545454545448 0.9007575757575753 0.20909090909090897 0.19848484848484826
1 0.09696969696969697 0.7583333333333335 0.19393939393939394 0.09242424242424285
1 0.4287878787878788 0.9257575757575759 0.23030303030303037 0.1484848484848487
1 0.6924242424242425 0.671969696969697 0.12727272727272734 0.156060606060606
1 0.9416666666666659 0.5734848484848487 0.11666666666666668 0.222727272727273
1 0.7848484848484848 0.34469696969696967 0.1 0.14090909090909093
1 0.5590909090909091 0.23787878787878788 0.24242424242424243 0.06363636363636367
1 0.7583333333333334 0.22196969696969696 0.16515151515151516 0.10757575757575757
1 0.8704545454545454 0.20303030303030303 0.07727272727272734 0.09696969696969698
1 0.7545454545454543 0.07954545454545453 0.22424242424242355 0.15909090909090906
1 0.1977272727272727 0.4174242424242425 0.11363636363636362 0.08939393939393944
