1 0.1825757575757575 0.13409090909090904 0.24999999999999992 0.2681818181818181
1 0.44015151515151524 0.11363636363636362 0.26818181818181813 0.22727272727272724
1 0.884090909090907 0.09166666666666666 0.23181818181818115 0.18333333333333332
1 0.4681818181818184 0.3765151515151514 0.24545454545454576 0.2924242424242425
1 0.7257575757575756 0.6257575757575757 0.15454545454545454 0.1515151515151515
1 0.8999999999999999 0.6363636363636362 0.19999999999999996 0.23636363636363597
1 0.8393939393939402 0.36742424242424226 0.32121212121211995 0.30454545454545484
1 0.6393939393939394 0.4446969696969697 0.10909090909090907 0.22272727272727275
1 0.6818181818181815 0.21060606060606066 0.21515151515151437 0.2515151515151516
1 0.6484848484848484 0.035606060606060606 0.2363636363636372 0.07121212121212121
