1 0.20151515151515145 0.5621212121212117 0.1666666666666668 0.1696969696969707
1 0.5303030303030303 0.5174242424242425 0.22424242424242435 0.21666666666666656
1 0.7462121212121212 0.5515151515151515 0.2136363636363636 0.1666666666666667
1 0.9310606060606059 0.5371212121212122 0.13787878787878796 0.20151515151515162
1 0.8424242424242425 0.3166666666666667 0.3151515151515148 0.3181818181818179
1 0.09393939393939395 0.4363636363636364 0.18484848484848485 0.23030303030303023
1 0.06893939393939393 0.06818181818181818 0.13787878787878785 0.13636363636363635
1 0.8666666666666658 0.07196969696969698 0.15454545454545593 0.14393939393939395
1 0.32272727272727275 0.46439393939393936 0.2 0.20151515151515148
1 0.6068181818181816 0.25757575757575724 0.17424242424242442 0.19393939393939333
1 0.25303030303030305 0.10151515151515152 0.2424242424242425 0.20303030303030303
1 0.06439393939393939 0.24848484848484842 0.12878787878787878 0.14848484848484875
