1 0.22121212121212117 0.18257575757575759 0.20606060606060603 0.2318181818181818
1 0.07348484848484846 0.3295454545454545 0.14696969696969692 0.21666666666666687
1 0.8780303030303032 0.396969696969697 0.2439393939393939 0.24848484848484856
1 0.8083333333333335 0.6931818181818182 0.2590909090909089 0.25000000000000006
1 0.9068181818181816 0.8484848484848487 0.186363636363636 0.3030303030303027
1 0.3310606060606061 0.925 0.3984848484848485 0.15
1 0.6931818181818181 0.9053030303030303 0.24393939393939396 0.18939393939393903
1 0.8175423649167953 0.469471284464808 0.35391930844458114 0.39841995950183723
1 0.6068181818181819 0.2507575757575758 0.28333333333333344 0.2227272727272727
1 0.6075757575757578 0.05909090909090909 0.18787878787878728 0.11818181818181818
1 0.4257575757575758 0.28712121212121217 0.25151515151515147 0.18939393939393936
1 0.8484848484848482 0.2143939393939394 0.20000000000000143 0.16515151515151527
1 0.23863636363636348 0.6992424242424243 0.35303030303030275 0.3106060606060605
1 0.1992424242424243 0.46136363636363664 0.23484848484848475 0.1651515151515156
