1 0.10530303030303029 0.40227272727272734 0.21060606060606057 0.22878787878787862
1 0.23484848484848483 0.06212121212121212 0.21515151515151515 0.11818181818181818
1 0.22954545454545452 0.27954545454545454 0.15909090909090906 0.18939393939393945
1 0.16742424242424242 0.8507575757575756 0.3015151515151515 0.2984848484848486
1 0.43257575757575756 0.8242424242424243 0.21363636363636362 0.3060606060606061
1 0.38712121212121225 0.9590909090909079 0.22575757575757596 0.08181818181818343
1 0.6924242424242425 0.8613636363636364 0.2999999999999999 0.27727272727272717
1 0.5143939393939394 0.6689393939393941 0.1863636363636364 0.1257575757575758
1 0.6257575757575757 0.5606060606060607 0.17272727272727273 0.1757575757575757
1 0.7295454545454547 0.6848484848484846 0.21363636363636399 0.06969696969696969
1 0.07651515151515151 0.6265151515151516 0.15303030303030302 0.11666666666666664
1 0.25757575757575757 0.5871212121212122 0.22424242424242422 0.15000000000000008
1 0.30909090909090897 0.4901515151515153 0.19090909090909097 0.22272727272727239
1 0.330087465278511 0.40843383395797983 0.1669711464035471 0.2252133097403344
1 0.32878787878787874 0.16136363636363638 0.16363636363636355 0.09242424242424242
1 0.5122958044038409 0.18041546270658096 0.22187015090009354 0.06661190856993873
1 0.044696969696969686 0.08333333333333331 0.08939393939393937 0.11515151515151514
1 0.07121212121212121 0.21060606060606057 0.14242424242424243 0.13030303030303028
1 0.47575757575757577 0.5212121212121212 0.11818181818181805 0.13333333333333336
