1 0.4484848484848485 0.07878787878787877 0.23333333333333328 0.15757575757575754
1 0.7098484848484848 0.16818181818181815 0.28939393939393937 0.2636363636363636
1 0.8113636363636363 0.47575757575757577 0.27424242424242423 0.3303030303030303
1 0.9393939393939393 0.6984848484848485 0.12121212121212124 0.35454545454545455
1 0.7651515151515151 0.8189393939393939 0.22727272727272718 0.22878787878787876
1 0.49015151515151517 0.859090909090909 0.3166666666666666 0.28181818181818186
1 0.5636363636363637 0.5318181818181817 0.27575757575757576 0.31212121212121213
1 0.21363636363636368 0.5840909090909088 0.4212121212121213 0.40757575757575687
1 0.15303030303030304 0.2787878787878788 0.28181818181818186 0.19090909090909097
1 0.4613636363636364 0.27424242424242423 0.2833333333333334 0.20303030303030298
1 0.2621212121212121 0.12272727272727271 0.2515151515151516 0.1818181818181818
1 0.17878787878787883 0.9113636363636364 0.30000000000000004 0.1772727272727272
