1 0.0893939393939394 0.2939393939393939 0.1787878787878788 0.19999999999999996
1 0.8795454545454545 0.3871212121212121 0.17121212121212126 0.14999999999999997
1 0.9037878787878788 0.10984848484848488 0.19242424242424178 0.21969696969696975
1 0.4977272727272723 0.11287878787878788 0.25606060606060577 0.22575757575757577
1 0.16439393939393937 0.5598484848484848 0.1712121212121212 0.19848484848484843
1 0.2772727272727273 0.8 0.35757575757575766 0.3545454545454547
1 0.5901515151515152 0.890909090909091 0.25 0.21818181818181814
1 0.8833333333333334 0.9143939393939394 0.23333333333333328 0.17121212121212126
1 0.8219696969696969 0.5598484848484848 0.19545454545454546 0.19545454545454555
1 0.9530303030303015 0.7477272727272726 0.09393939393939402 0.19545454545454594
1 0.809848484848485 0.75 0.1863636363636364 0.17878787878787875
