1 0.10303030303030303 0.16136363636363638 0.20606060606060606 0.31363636363636366
1 0.1143939393939394 0.4189393939393939 0.19242424242424241 0.18333333333333335
1 0.17045454545454547 0.625 0.19848484848484851 0.21060606060606063
1 0.29015151515151516 0.4575757575757575 0.16515151515151516 0.19696969696969696
1 0.4522727272727273 0.3242424242424242 0.15909090909090914 0.20303030303030303
1 0.43333333333333335 0.15454545454545457 0.20606060606060608 0.2272727272727273
1 0.5174242424242425 0.631060606060606 0.2560606060606061 0.23181818181818173
1 0.5136363636363636 0.8568181818181819 0.3515151515151515 0.26818181818181813
1 0.8416666666666657 0.8568181818181816 0.29545454545454447 0.2803030303030296
1 0.8106060606060607 0.5333333333333333 0.23030303030303031 0.23636363636363641
1 0.5795454545454546 0.4416666666666667 0.1954545454545454 0.17424242424242428
1 0.6075757575757577 0.26363636363636367 0.1575757575757576 0.18787878787878787
1 0.7030303030303031 0.07727272727272727 0.20606060606060608 0.15454545454545454
1 0.9287878787878785 0.06515151515151517 0.14242424242424193 0.13030303030303034
1 0.8628787878787878 0.12424242424242424 0.007575757575757649 0.006060606060606055
1 0.8416666666666666 0.24318181818181817 0.13787878787878796 0.1257575757575757
1 0.1507575757575757 0.8621212121212123 0.28333333333333327 0.27575757575757515
1 0.31212121212121213 0.7636363636363636 0.0909090909090909 0.21818181818181814
1 0.2689393939393939 0.14924242424242426 0.10151515151515152 0.20454545454545456
