1 0.15303030303030304 0.8863636363636362 0.3060606060606061 0.22727272727272727
1 0.3833333333333335 0.665151515151515 0.19393939393939413 0.2030303030303029
1 0.44277837503158307 0.8719696969696967 0.2712121212121214 0.2560606060606065
1 0.7078124999999997 0.9406250000000004 0.2562499999999996 0.11874999999999963
1 0.65625 0.70859375 0.3 0.3421875
1 0.409375 0.48828125 0.159375 0.13906250000000006
1 0.7101562499999994 0.43906250000000013 0.20781249999999912 0.19999999999999996
1 0.932031249999999 0.6890624999999997 0.13593750000000093 0.2874999999999998
1 0.4386187942402152 0.42604369163484784 0.1918038314020568 0.1317768737375839
1 0.81796875 0.2765625 0.2734375 0.13125
1 0.9093749999999997 0.4781249999999994 0.18124999999999947 0.1343750000000011
1 0.778125 0.146875 0.2375 0.134375
1 0.95859375 0.178125 0.0828125 0.24375
1 0.8859374999999993 0.8656249999999998 0.22812499999999933 0.26874999999999954
