1 0.46818181818181814 0.47878787878787876 0.08787878787878789 0.11515151515151523
1 0.4977272727272727 0.3196969696969697 0.11060606060606056 0.08484848484848484
1 0.7462121212121212 0.23636363636363633 0.08333333333333329 0.10606060606060605
1 0.3363636363636363 0.4575757575757576 0.08484848484848481 0.06666666666666671
1 0.27954545454545454 0.3886363636363636 0.09545454545454547 0.07727272727272727
1 0.35454545454545455 0.31287878787878787 0.06666666666666664 0.05606060606060602
1 0.26666666666666666 0.13712121212121212 0.05151515151515152 0.06212121212121211
1 0.4 0.12272727272727274 0.06666666666666671 0.06666666666666668
1 0.8007575757575758 0.35 0.08636363636363655 0.08484848484848488
1 0.9083333333333325 0.7643939393939396 0.18333333333333293 0.2530303030303029
1 0.6196969696969696 0.9606060606060606 0.09393939393939384 0.07878787878787875
1 0.1931818181818182 0.4113636363636364 0.06515151515151515 0.05606060606060602
1 0.20833333333333337 0.22196969696969696 0.043939393939393945 0.07121212121212121
1 0.5212121212121211 0.23030303030303031 0.07878787878787875 0.08181818181818187
1 0.6265151515151516 0.325 0.04090909090909094 0.06515151515151515
