1 0.17575757575757575 0.13333333333333336 0.26666666666666666 0.2666666666666667
1 0.44545454545454555 0.11136363636363632 0.27575757575757603 0.22272727272727263
1 0.6553030303030303 0.03409090909090909 0.2318181818181818 0.06818181818181818
1 0.8886363636363629 0.09166666666666667 0.22272727272727177 0.18333333333333335
1 0.968181818181818 0.20757575757575758 0.06363636363636305 0.2393939393939393
1 0.9022727272727272 0.6325757575757576 0.19545454545454546 0.23484848484848483
1 0.7295454545454544 0.6257575757575757 0.1469696969696969 0.17272727272727273
1 0.4727272727272731 0.37499999999999983 0.26666666666666733 0.29848484848484863
1 0.707575757575757 0.17499999999999985 0.2636363636363624 0.2045454545454546
1 0.8439393939393931 0.37424242424242415 0.3121212121212116 0.3060606060606062
1 0.6371212121212121 0.45227272727272727 0.1439393939393939 0.2500000000000001
