1 0.3106060606060606 0.12575757575757576 0.2878787878787879 0.2515151515151515
1 0.0856060606060606 0.1431818181818182 0.1712121212121212 0.24696969696969698
1 0.4340909090909093 0.33863636363636346 0.1984848484848486 0.2287878787878787
1 0.4939393939393941 0.1416666666666666 0.10606060606060579 0.16212121212121222
1 0.04924242424242421 0.7946969696969703 0.09848484848484843 0.30454545454545345
1 0.228030303030303 0.821969696969697 0.19242424242424241 0.1924242424242425
1 0.23787878787878788 0.5977272727272728 0.18787878787878792 0.14393939393939392
1 0.05454545454545455 0.5590909090909091 0.1090909090909091 0.17272727272727273
1 0.21515151515151515 0.3053030303030303 0.24242424242424243 0.1227272727272727
1 0.37121212121212116 0.8340909090909091 0.11212121212121215 0.1257575757575758
