1 0.3212121212121212 0.14015151515151517 0.18484848484848487 0.17121212121212126
1 0.2037878787878788 0.06818181818181818 0.14090909090909087 0.13636363636363635
1 0.059848484848484845 0.15378787878787878 0.11969696969696969 0.1712121212121212
1 0.04015151515151515 0.5553030303030303 0.0803030303030303 0.2075757575757575
1 0.14545454545454548 0.8772727272727272 0.2515151515151516 0.23636363636363641
1 0.40909090909090906 0.8424242424242425 0.24242424242424243 0.23636363636363641
1 0.6757575757575758 0.668939393939394 0.18181818181818188 0.1803030303030303
1 0.8431818181818181 0.7939393939393941 0.1924242424242425 0.20606060606060608
1 0.7227272727272728 0.9159090909090909 0.20000000000000015 0.16818181818181827
1 0.37803030303030305 0.6856060606060607 0.16515151515151516 0.13181818181818167
1 0.4560606060606061 0.18409090909090914 0.1303030303030303 0.17424242424242428
1 0.4568181818181818 0.06212121212121212 0.20454545454545453 0.12121212121212122
1 0.15303030303030302 0.3810606060606061 0.13333333333333333 0.15303030303030302
1 0.11666666666666668 0.5553030303030303 0.12424242424242425 0.19848484848484843
1 0.21060606060606057 0.7446969696969696 0.13939393939393938 0.1075757575757575
1 0.4393939393939394 0.5901515151515152 0.19696969696969696 0.11969696969696969
1 0.6310606060606061 0.521969696969697 0.18333333333333335 0.15
1 0.6477272727272727 0.41060606060606064 0.1621212121212121 0.13333333333333336
1 0.6742424242424243 0.29545454545454547 0.10606060606060609 0.10606060606060609
1 0.6613636363636364 0.21136363636363636 0.10151515151515156 0.09848484848484851
1 0.5772727272727273 0.2878787878787879 0.11212121212121204 0.14848484848484847
1 0.27575757575757576 0.39545454545454545 0.12727272727272734 0.10606060606060609
1 0.4492424242424242 0.4113636363636363 0.10151515151515149 0.10454545454545454
1 0.6007575757575756 0.8340909090909091 0.1318181818181818 0.1772727272727272
