1 0.46439393939393936 0.3886363636363636 0.4196969696969697 0.4257575757575758
1 0.32954545454545453 0.11818181818181818 0.27424242424242423 0.23636363636363636
1 0.5909090909090906 0.09848484848484851 0.24545454545454568 0.1757575757575758
1 0.8977272727272719 0.5818181818181819 0.20454545454545398 0.39090909090909065
1 0.8371212121212122 0.2946969696969697 0.27727272727272734 0.26212121212121214
1 0.7007575757575758 0.6424242424242425 0.1924242424242425 0.3363636363636364
1 0.20909090909090908 0.7181818181818181 0.2848484848484848 0.3757575757575756
1 0.303030303030303 0.9643939393939394 0.3 0.0712121212121211
1 0.5818181818181819 0.9583333333333333 0.1878787878787879 0.08333333333333343
1 0.5053030303030304 0.7742424242424241 0.20454545454545447 0.1121212121212125
1 0.06742424242424243 0.45000000000000007 0.13484848484848486 0.28181818181818175
1 0.1962121212121212 0.3818181818181818 0.11666666666666665 0.23636363636363641
1 0.03787878787878787 0.15151515151515152 0.07575757575757575 0.29090909090909095
1 0.8992424242424242 0.07045454545454545 0.20151515151515156 0.1409090909090909
