1 0.16212121212121214 0.11363636363636362 0.30000000000000004 0.22727272727272724
1 0.1287878787878788 0.36212121212121223 0.2575757575757576 0.27878787878787864
1 0.15227272727272728 0.6537878787878786 0.30454545454545456 0.3106060606060612
1 0.2575757575757576 0.8742424242424238 0.1969696969696969 0.2000000000000006
1 0.3825757575757575 0.7287878787878784 0.15909090909090917 0.16363636363636436
1 0.5984848484848483 0.6946969696969698 0.18181818181818138 0.1954545454545452
1 0.7712121212121213 0.7121212121212122 0.1848484848484845 0.18484848484848493
1 0.9234848484848481 0.6613636363636363 0.15303030303030266 0.18030303030303
1 0.3057269589655054 0.3703914945310618 0.25529318076198687 0.26244180679054996
1 0.42575757575757595 0.08257575757575758 0.2303030303030303 0.16515151515151516
1 0.6856060606060583 0.13712121212121212 0.3166666666666665 0.27424242424242423
1 0.9053030303030295 0.22499999999999978 0.17424242424242556 0.2015151515151511
1 0.7295454545454548 0.4863636363636364 0.2681818181818187 0.28181818181818186
1 0.9196969696969697 0.4560606060606061 0.1606060606060606 0.25151515151515147
1 0.5506463050200455 0.4665398343780824 0.228723919749895 0.2914057279630854
