1 0.17348484848484846 0.13409090909090907 0.26818181818181813 0.26818181818181813
1 0.4492424242424242 0.11363636363636363 0.2772727272727273 0.22727272727272727
1 0.4742424242424246 0.38257575757575735 0.2606060606060606 0.3015151515151517
1 0.7340909090909089 0.6257575757575755 0.13484848484848477 0.16666666666666616
1 0.9015151515151507 0.6348484848484847 0.19696969696969888 0.23636363636363683
1 0.8416666666666657 0.375757575757575 0.31666666666666665 0.30303030303030276
1 0.7415050548073335 0.41815470985450837 0.16740287258013048 0.20303030303030528
1 0.7748887968507765 0.14666602639886164 0.20259327366841762 0.23885833168703144
1 0.6499999999999999 0.03787878787878784 0.24242424242424143 0.07575757575757568
1 0.8878787878787862 0.09924242424242422 0.2242424242424212 0.19848484848484843
1 0.9689393939393932 0.22575757575757543 0.062121212121211425 0.2515151515151512
