1 0.10378787878787879 0.6325757575757577 0.20757575757575758 0.24090909090909102
1 0.0931818181818182 0.37272727272727274 0.1863636363636364 0.3000000000000001
1 0.25909090909090904 0.22045454545454554 0.2606060606060605 0.3257575757575759
1 0.5742424242424239 0.3363636363636364 0.39090909090909143 0.384848484848485
1 0.5340909090909087 0.7265151515151507 0.386363636363636 0.422727272727273
1 0.8848484848484847 0.6560606060606059 0.23030303030303018 0.3242424242424243
1 0.90530303030303 0.11212121212121212 0.1893939393939386 0.22424242424242424
1 0.8871212121212118 0.359090909090909 0.225757575757575 0.28181818181818197
1 0.2719696969696967 0.5454545454545467 0.16515151515151466 0.32121212121212145
1 0.08333333333333323 0.10075757575757577 0.16666666666666646 0.20151515151515154
1 0.6969696969696964 0.0810606060606061 0.2515151515151516 0.140909090909091
