0 0.11893939393939391 0.22499999999999998 0.1378787878787878 0.21363636363636368
1 0.4469696969696969 0.7916666666666667 0.2121212121212121 0.2469696969696969
1 0.5553030303030303 0.9280303030303031 0.1287878787878788 0.14090909090909107
1 0.5431818181818182 0.6219696969696971 0.23787878787878797 0.25606060606060604
1 0.7424242424242425 0.7704545454545457 0.26363636363636367 0.26515151515151547
1 0.7515151515151515 0.9303030303030303 0.23333333333333311 0.13939393939393943
1 0.9386363636363637 0.8106060606060608 0.12272727272727277 0.21818181818181792
1 0.6712121212121211 0.5272727272727274 0.13333333333333322 0.12121212121212087
1 0.738636363636364 0.29166666666666674 0.2863636363636366 0.2742424242424241
1 0.7810606060606061 0.07651515151515152 0.18030303030303002 0.15303030303030304
1 0.9431818181818181 0.18409090909090906 0.11363636363636359 0.21363636363636362
1 0.9159090909090898 0.4704545454545456 0.16818181818181785 0.368181818181818
