1 0.7908245694997307 0.3914039715308343 0.19999999999999887 0.20622947854328666
1 0.18409090909090914 0.8848484848484849 0.24090909090909102 0.23030303030302965
1 0.38636363636363624 0.6598484848484847 0.19393939393939374 0.210606060606061
1 0.4310606060606058 0.8727272727272726 0.24999999999999953 0.2545454545454545
1 0.7030303030303031 0.9401515151515152 0.2787878787878788 0.11969696969696976
1 0.6568181818181816 0.7030303030303028 0.3015151515151514 0.345454545454545
1 1.089393939393937 0.5454545454545471 0.17878787878787936 0.209090909090909
1 0.9356060606060603 0.7037878787878789 0.12878787878787817 0.30757575757575745
1 0.8803030303030304 0.8545454545454545 0.14242424242424248 0.29090909090909095
1 0.5570816018265993 0.7307080288259868 0.10437501068958303 0.21402492335997617
