1 0.17499999999999996 0.13409090909090912 0.24696969696969692 0.26818181818181824
1 0.43939393939393945 0.10984848484848485 0.2696969696969697 0.2196969696969697
1 0.6454545454545456 0.032575757575757584 0.23636363636363616 0.06515151515151517
1 0.8848484848484847 0.09166666666666666 0.23030303030303004 0.18333333333333332
1 0.9689393939393942 0.22424242424242416 0.062121212121212105 0.2666666666666666
1 0.7022727272727274 0.19772727272727272 0.25000000000000006 0.22575757575757577
1 0.8446969696969693 0.3674242424242425 0.30151515151515196 0.30454545454545434
1 0.46818181818181814 0.3727272727272728 0.24848484848484836 0.3151515151515149
1 0.6446969696969699 0.44772727272727253 0.1469696969696972 0.24999999999999992
1 0.7287878787878788 0.6234848484848485 0.13939393939393938 0.16212121212121203
1 0.8984848484848468 0.6378787878787882 0.2030303030303023 0.23333333333333298
