1 0.13712121212121212 0.2962121212121212 0.15303030303030302 0.17424242424242428
1 0.0803030303030303 0.08636363636363636 0.1606060606060606 0.17272727272727273
1 0.2553030303030303 0.07651515151515151 0.16212121212121208 0.15303030303030302
1 0.3606060606060606 0.21515151515151515 0.24242424242424243 0.23636363636363633
1 0.27651515151515155 0.8954545454545455 0.20757575757575758 0.20909090909090908
1 0.5893939393939394 0.6643939393939394 0.20303030303030303 0.2196969696969697
1 0.706060606060606 0.49015151515151517 0.2545454545454547 0.25909090909090915
1 0.6295454545454545 0.30378787878787883 0.24090909090909093 0.20454545454545456
1 0.7719696969696969 0.13787878787878788 0.2136363636363636 0.20606060606060606
1 0.8757575757575756 0.31666666666666665 0.22727272727272735 0.2181818181818182
1 0.9386363636363637 0.5636363636363636 0.12272727272727266 0.1818181818181818
1 0.4765151515151514 0.8681818181818179 0.21363636363636385 0.2575757575757577
1 0.7553030303030304 0.9113636363636364 0.31363636363636366 0.1772727272727272
1 0.2628787878787879 0.6075757575757575 0.13787878787878793 0.1636363636363636
1 0.12803030303030302 0.7113636363636363 0.1742424242424241 0.21060606060606019
1 0.1015151515151515 0.4878787878787879 0.18484848484848485 0.20909090909090908
1 0.34090909090909094 0.4439393939393939 0.22121212121212125 0.2515151515151515
1 0.4446969696969697 0.6280303030303029 0.1075757575757575 0.1803030303030303
1 0.8189393939393942 0.7196969696969697 0.23787878787878758 0.26060606060606045
