1 0.36515151515151545 0.926515151515151 0.38787878787878793 0.14696969696969603
1 0.07878787878787874 0.8704545454545449 0.15757575757575748 0.17727272727272578
1 0.36969696969696947 0.8090909090909095 0.16666666666666655 0.08484848484848563
1 0.3462121212121212 0.6954545454545453 0.16515151515151516 0.11212121212121204
1 0.1999999999999998 0.6356060606060605 0.17272727272727267 0.20151515151515134
1 0.053030303030303025 0.5984848484848485 0.10606060606060605 0.10909090909090921
1 0.06439393939393938 0.7280303030303031 0.12878787878787876 0.15909090909090925
1 0.06363636363636363 0.4090909090909091 0.12727272727272726 0.22424242424242424
1 0.1303030303030303 0.26515151515151514 0.15151515151515152 0.15757575757575754
1 0.24696969696969695 0.4356060606060606 0.20606060606060606 0.17424242424242423
1 0.4037999274412355 0.6152797193112096 0.22497734977688652 0.20380521768027937
1 0.6037878787878788 0.5886363636363636 0.13181818181818186 0.12272727272727281
1 0.4303030303030303 0.40530303030303033 0.11818181818181812 0.0863636363636364
1 0.4257575757575758 0.29393939393939394 0.11818181818181821 0.12424242424242429
1 0.24621212121212124 0.15606060606060607 0.1651515151515152 0.14545454545454548
1 0.05757575757575757 0.12575757575757573 0.11515151515151514 0.18484848484848482
1 0.2931818181818182 0.07196969696969698 0.11060606060606062 0.09242424242424242
1 0.43712121212121213 0.1340909090909091 0.1863636363636364 0.17727272727272728
1 0.7030303030303027 0.055303030303030305 0.1969696969696975 0.11060606060606061
1 0.7446045339809566 0.32312593391253047 0.08837811046935223 0.21450088726461675
1 0.8878787878787868 0.410606060606061 0.1484848484848489 0.16060606060606053
1 0.8152457671950615 0.5492729678433701 0.07656042893056189 0.16363636363636436
1 0.9598484848484848 0.3477272727272727 0.0803030303030303 0.13484848484848488
