1 0.37348484848484853 0.8515151515151516 0.2348484848484849 0.29393939393939406
1 0.6984848484848485 0.7462121212121212 0.22727272727272735 0.1590909090909092
1 0.8689393939393949 0.7242424242424241 0.15606060606060634 0.2090909090909086
1 0.9303030303030302 0.5386363636363639 0.13939393939393938 0.21363636363636418
1 0.06893939393939393 0.515909090909091 0.13787878787878785 0.14090909090909104
1 0.21515151515151515 0.3924242424242424 0.19393939393939397 0.21515151515151515
1 0.42727272727272736 0.24015151515151512 0.16969696969696968 0.1621212121212121
1 0.22878787878787876 0.13484848484848483 0.12121212121212127 0.14242424242424248
1 0.11515151515151516 0.8712121212121211 0.18181818181818182 0.1878787878787881
1 0.20075757575757577 0.7492424242424244 0.16515151515151516 0.1257575757575758
1 0.7371212121212118 0.42121212121212126 0.16212121212121156 0.1393939393939396
1 0.8871212121212122 0.31287878787878787 0.2136363636363636 0.2863636363636364
1 0.47196969696969693 0.07954545454545453 0.1863636363636364 0.15
1 0.6772727272727259 0.16742424242424242 0.2696969696969691 0.3166666666666667
1 0.5590909090909091 0.40227272727272734 0.20303030303030303 0.24696969696969695
1 0.4606060606060606 0.5969696969696969 0.16969696969696968 0.20303030303030298
1 0.30757575757575756 0.628030303030303 0.14545454545454548 0.13787878787878796
1 0.8757575757575751 0.06893939393939395 0.1151515151515163 0.1378787878787879
1 0.6659090909090909 0.5643939393939393 0.15909090909090914 0.1833333333333332
1 0.1575757575757576 0.6015151515151516 0.15454545454545454 0.17878787878787883
1 0.29696969696969705 0.20833333333333331 0.12424242424242421 0.1712121212121211
1 0.3015151515151515 0.04999999999999999 0.13030303030303048 0.09999999999999998
1 0.3318181818181818 0.4803030303030303 0.13030303030303028 0.13333333333333336
