1 0.21440536013400333 0.43634840871021774 0.25460636515912893 0.2663316582914572
1 0.6432160804020096 0.2948073701842546 0.2546063651591276 0.22445561139028475
1 0.423785594639866 0.3559463986599665 0.2445561139028476 0.20603015075376882
1 0.304857621440536 0.1943048576214405 0.1574539363484087 0.1976549413735343
1 0.44137353433835846 0.17671691792294808 0.12897822445561133 0.16917922948073702
1 0.15912897822445563 0.23115577889447236 0.15745393634840874 0.17085427135678394
1 0.05025125628140703 0.16164154103852593 0.10050251256281406 0.1256281407035177
1 0.7035175879396985 0.611390284757119 0.17420435510887786 0.16415410385259632
1 0.814070351758794 0.4690117252931323 0.22445561139028483 0.2177554438860971
1 0.18509212730318259 0.7721943048576214 0.2663316582914573 0.3015075376884422
1 0.45393634840871 0.8500837520938024 0.23450586264656637 0.25628140703517605
1 0.6566164154103855 0.937185929648241 0.19095477386934626 0.12562814070351802
1 0.8911222780569514 0.8827470686767163 0.19095477386934664 0.22110552763818972
1 0.6876046901172529 0.7922948073701843 0.23283082077051936 0.19430485762144045
1 0.48073701842546035 0.5912897822445558 0.2780569514237853 0.2546063651591295
1 0.04355108877721943 0.8785594639865997 0.08710217755443886 0.1725293132328308
1 0.7102177554438862 0.12730318257956447 0.1407035175879396 0.1541038525963149
1 0.9271356783919592 0.08961474036850921 0.14572864321607923 0.17922948073701842
1 0.9371859296482412 0.3576214405360134 0.12562814070351763 0.15577889447236185
1 0.8559463986599662 0.7001675041876048 0.1206030150753771 0.1474036850921269
1 0.04522613065326632 0.582077051926298 0.09045226130653264 0.31993299832495853
