1 0.15833333333333335 0.5431818181818183 0.20454545454545456 0.18333333333333335
1 0.1068181818181818 0.3106060606060606 0.2136363636363636 0.32424242424242405
1 0.36818181818181805 0.3977272727272727 0.23333333333333348 0.29848484848484846
1 0.3037878787878788 0.18257575757575759 0.15303030303030304 0.1560606060606061
1 0.07045454545454544 0.05833333333333334 0.14090909090909087 0.11666666666666668
1 0.5553030303030303 0.2522727272727273 0.1621212121212121 0.15909090909090914
1 0.7015151515151515 0.30227272727272725 0.2181818181818182 0.15606060606060607
1 0.6772727272727272 0.11212121212121211 0.15454545454545454 0.203030303030303
1 0.8575757575757563 0.271969696969697 0.1424242424242424 0.1924242424242425
1 0.9196969696969681 0.09469696969696971 0.1606060606060603 0.18939393939393942
1 0.8257575757575758 0.4946969696969697 0.1303030303030303 0.08636363636363625
1 0.4416666666666667 0.12272727272727284 0.12272727272727309 0.24545454545454568
