1 0.08333333333333331 0.1446969696969697 0.16666666666666663 0.2348484848484849
1 0.3242424242424242 0.1159090909090909 0.2575757575757575 0.2318181818181818
1 0.5037878787878788 0.14848484848484847 0.0863636363636364 0.16363636363636364
1 0.4507575757575758 0.3386363636363636 0.18030303030303024 0.21363636363636368
1 0.05909090909090909 0.5530303030303031 0.11818181818181818 0.17575757575757578
1 0.21590909090909086 0.3090909090909091 0.25606060606060604 0.14242424242424243
1 0.13333333333333336 0.6871212121212121 0.11515151515151517 0.2136363636363636
1 0.045454545454545456 0.7984848484848485 0.09090909090909091 0.318181818181818
1 0.2234848484848485 0.8204545454545454 0.21363636363636368 0.18333333333333343
1 0.2462121212121212 0.6060606060606061 0.18030303030303024 0.1606060606060606
1 0.3742424242424227 0.8265151515151511 0.09696969696969679 0.11666666666666753
