1 0.11287878787878786 0.8590909090909084 0.2257575757575757 0.23333333333333164
1 0.0696969696969697 0.5757575757575757 0.1393939393939394 0.31515151515151507
1 0.07499999999999994 0.20151515151515148 0.14999999999999988 0.3515151515151515
1 0.13106060606060607 0.3977272727272727 0.146969696969697 0.16818181818181813
1 0.30606060606060626 0.33560606060606046 0.18484848484848526 0.20454545454545425
1 0.46515151515151515 0.2696969696969697 0.18181818181818174 0.1969696969696969
1 0.6234848484848484 0.14848484848484847 0.24393939393939398 0.2090909090909091
1 0.40984848484848485 0.09545454545454547 0.17121212121212126 0.1575757575757576
1 0.5363636363636364 0.6984848484848485 0.18484848484848476 0.19696969696969702
1 0.2893939393939394 0.8265151515151515 0.14848484848484858 0.12878787878787895
1 0.38257575757575757 0.525 0.18939393939393936 0.1924242424242425
1 0.21136363636363634 0.5121212121212119 0.09848484848484844 0.1757575757575761
1 0.5651515151515152 0.4765151515151515 0.13636363636363633 0.15303030303030296
1 0.7325757575757575 0.40303030303030307 0.1833333333333333 0.2878787878787879
1 0.7128787878787874 0.6810606060606065 0.16818181818181935 0.16818181818181727
1 0.8128787878787879 0.568939393939394 0.11363636363636359 0.11060606060606062
1 0.9128787878787875 0.40378787878787875 0.1742424242424234 0.31969696969696976
1 0.9030303030303031 0.6871212121212121 0.17878787878787888 0.22272727272727266
1 0.9780303030303031 0.7681818181818181 0.04393939393939391 0.18484848484848485
1 0.8893939393939394 0.9492424242424243 0.17575757575757578 0.09848484848484858
1 0.34015151515151504 0.9477272727272724 0.14696969696969733 0.10454545454545545
1 0.4992424242424237 0.8545454545454544 0.09848484848484765 0.11818181818181868
1 0.8825757575757575 0.13030303030303028 0.11666666666666671 0.13333333333333333
1 0.20681818181818168 0.6848484848484838 0.12878787878787856 0.1636363636363635
