1 0.1733668341708542 0.4447236180904522 0.3467336683417084 0.3601340033500837
1 0.5946398659966499 0.19597989949748743 0.2847571189279733 0.2914572864321608
1 0.7077051926298153 0.57286432160804 0.3467336683417079 0.3015075376884427
1 0.4564489112227804 0.783082077051926 0.31323283082077036 0.3232830820770525
1 0.1658291457286433 0.7788944723618089 0.3316582914572866 0.3484087102177556
1 0.4396984924623105 0.49916247906197664 0.22278056951423644 0.2713567839195987
1 0.25711892797319935 0.1407035175879395 0.41373534338358453 0.281407035175879
1 0.9338358458961455 0.12227805695142374 0.13232830820770375 0.24455611390284748
1 0.8073701842546066 0.1130653266331659 0.15410385259631545 0.22613065326633175
1 0.7236180904522604 0.8835845896147377 0.3383584589614721 0.23283082077051856
