1 0.1257575757575758 0.13939393939393943 0.2242424242424243 0.23636363636363641
1 0.12878787878787878 0.6568181818181812 0.25757575757575757 0.3499999999999988
1 0.268939393939394 0.875 0.18939393939393942 0.18636363636363626
1 0.37727272727272726 0.7303030303030303 0.17878787878787872 0.16060606060606022
1 0.5931818181818181 0.6916666666666668 0.19242424242424241 0.19848484848484851
1 0.765151515151515 0.7075757575757575 0.17575757575757578 0.18484848484848493
1 0.9280303030303034 0.675 0.1439393939393934 0.18939393939393942
1 0.7272727272727275 0.49242424242424243 0.27575757575757603 0.2545454545454545
1 0.9181818181818181 0.45909090909090905 0.16363636363636375 0.24242424242424243
1 0.9068181818181819 0.2340909090909091 0.18333333333333343 0.20757575757575758
1 0.6651515151515153 0.13863636363636367 0.34848484848484856 0.27727272727272734
1 0.3886363636363636 0.3068181818181818 0.22575757575757574 0.21969696969696975
1 0.509090909090909 0.48409090909090907 0.17272727272727273 0.19545454545454546
1 0.615909090909091 0.3265151515151515 0.20151515151515156 0.09242424242424246
