1 0.06363636363636363 0.12424242424242425 0.12727272727272726 0.18181818181818182
1 0.15681818181818183 0.16893939393939394 0.09848484848484848 0.10454545454545455
1 0.2181818181818182 0.23409090909090907 0.10606060606060609 0.15
1 0.22878787878787882 0.3848484848484845 0.1060606060606062 0.13939393939393935
1 0.6719696969696969 0.34924242424242424 0.13484848484848486 0.15
1 0.9295454545454546 0.38636363636363635 0.14090909090909093 0.15757575757575762
1 0.9393939393939393 0.5795454545454544 0.12121212121212123 0.23787878787878752
1 0.8265151515151515 0.7015151515151515 0.15000000000000013 0.1757575757575757
1 0.6825757575757576 0.7356060606060606 0.13181818181818186 0.1590909090909092
1 0.6530303030303031 0.5727272727272728 0.14848484848484858 0.15454545454545454
1 0.7196216053767428 0.530353929543199 0.1424242424242422 0.18734080333733938
1 0.615909090909091 0.9454545454545454 0.18939393939393936 0.10909090909090907
1 0.5643939393939394 0.8363636363636363 0.1984848484848486 0.1939393939393939
1 0.5181818181818182 0.6545454545454545 0.18484848484848485 0.21212121212121218
1 0.4075757575757576 0.8083333333333335 0.12121212121212124 0.1560606060606061
1 0.39848484848484844 0.9469696969696969 0.13333333333333336 0.10606060606060608
1 0.25757575757575757 0.8143939393939393 0.1636363636363637 0.27727272727272717
1 0.06136363636363637 0.8022727272727272 0.12272727272727274 0.19242424242424236
1 0.05303030303030302 0.5265151515151516 0.10606060606060604 0.19242424242424241
1 0.1628787878787879 0.5356060606060606 0.08636363636363636 0.10454545454545454
1 0.2621212121212121 0.5560606060606061 0.0939393939393939 0.12727272727272734
1 0.3818181818181818 0.578030303030303 0.11515151515151516 0.12272727272727266
1 0.05075757575757576 0.3704545454545455 0.10151515151515152 0.08333333333333329
1 0.11969696969696972 0.30303030303030304 0.10000000000000002 0.15454545454545454
1 0.051515151515151514 0.9446969696969697 0.10303030303030303 0.09545454545454547
1 0.6151515151515151 0.46818181818181803 0.12121212121212122 0.09090909090909116
