1 0.39621212121212124 0.3151515151515152 0.21969696969696972 0.23939393939393938
1 0.2143939393939394 0.3181818181818182 0.10454545454545457 0.1606060606060606
1 0.08787878787878788 0.4181818181818182 0.17575757575757575 0.2272727272727273
1 0.03712121212121213 0.6121212121212122 0.07424242424242426 0.20000000000000007
1 0.075 0.2143939393939394 0.14696969696969697 0.17727272727272728
1 0.21060606060606063 0.1590909090909091 0.16060606060606059 0.14848484848484847
1 0.4121212121212121 0.1303030303030303 0.17878787878787875 0.15151515151515152
1 0.5303030303030303 0.0893939393939394 0.14848484848484844 0.16666666666666669
1 0.9166666666666667 0.5295454545454545 0.16666666666666657 0.14696969696969694
1 0.08106060606060607 0.03484848484848485 0.1590909090909091 0.0696969696969697
1 0.25984848484848483 0.04090909090909091 0.12272727272727277 0.08181818181818182
