2 0.8742424242424236 0.22651515151515123 0.2515151515151504 0.45303030303030245
1 0.18484848484848485 0.8795454545454545 0.24242424242424238 0.24090909090909093
1 0.38636363636363635 0.6575757575757575 0.22121212121212122 0.19999999999999984
1 0.4318181818181817 0.8712121212121212 0.2606060606060607 0.25757575757575746
1 0.6628787878787878 0.6931818181818181 0.3136363636363636 0.3560606060606061
1 0.7007575757575755 0.9386363636363632 0.26515151515151497 0.12272727272727266
1 0.9348484848484844 0.6992424242424233 0.13030303030302942 0.3045454545454545
1 0.8318339593765693 0.38786066944359077 0.19950719059741176 0.2132174187100379
1 0.5552667654463298 0.7270260235424888 0.11384256477453476 0.2094980415303308
1 1.097824992050242 0.6976835987354932 0.20080500241944071 0.18099592926655952
1 0.837121212121212 0.8446969696969692 0.13181818181818203 0.30454545454545434
1 0.9666666666666661 0.9431818181818179 0.06666666666666574 0.11363636363636424
