1 0.3106060606060606 0.1553030303030303 0.2696969696969697 0.3106060606060606
1 0.5931818181818181 0.33181818181818185 0.22272727272727275 0.2484848484848485
1 0.5007575757575757 0.518939393939394 0.24696969696969703 0.23787878787878797
1 0.20303030303030303 0.41590909090909095 0.2696969696969697 0.2530303030303031
1 0.7424242424242425 0.20454545454545456 0.27575757575757576 0.3181818181818182
1 0.9424242424242425 0.15 0.11515151515151516 0.3
1 0.9439393939393941 0.46666666666666673 0.11212121212121204 0.1606060606060607
1 0.8515151515151516 0.5310606060606061 0.17575757575757564 0.1924242424242425
1 0.8992424242424234 0.782575757575758 0.20151515151515048 0.3833333333333333
1 0.6530303030303031 0.6863636363636364 0.2636363636363636 0.2727272727272727
1 0.5901515151515152 0.9022727272727272 0.24393939393939398 0.19545454545454546
1 0.3242424242424242 0.8977272727272728 0.26060606060606056 0.20454545454545453
1 0.4613636363636363 0.7446969696969696 0.15303030303030296 0.16818181818181813
1 0.2810606060606062 0.7083333333333337 0.2500000000000002 0.18939393939393911
1 0.12424242424242425 0.8068181818181818 0.1575757575757576 0.19848484848484843
1 0.0848484848484849 0.6439393939393941 0.1696969696969698 0.22121212121212172
1 0.08863636363636371 0.1825757575757576 0.17727272727272742 0.2075757575757575
