1 0.9689393939393941 0.2159090909090906 0.062121212121211744 0.2560606060606057
1 0.8848484848484844 0.09772727272727273 0.23030303030302932 0.19545454545454546
1 0.6477272727272719 0.03712121212121213 0.24696969696969442 0.07424242424242426
1 0.7929113103007075 0.15727430800045322 0.217779862583021 0.24729818306948406
1 0.44621212121212117 0.11439393939393931 0.2893939393939392 0.22878787878787862
1 0.18636363636363637 0.1386363636363636 0.23636363636363641 0.2772727272727272
1 0.48257575757575777 0.38106060606060593 0.27727272727272767 0.3106060606060608
1 0.766826016116324 0.4113685623404738 0.20120430470283485 0.1984418570001704
1 0.8424242424242423 0.37575757575757535 0.31515151515151496 0.3030303030303023
1 0.7204545454545455 0.6265151515151517 0.15909090909090895 0.16515151515151527
1 0.8984848484848484 0.6325757575757572 0.20303030303030248 0.23484848484848503
