1 0.30402010050251244 0.41289782244556095 0.3869346733668339 0.39028475711892807
1 0.6733668341708536 0.5778894472361814 0.2747068676716907 0.2546063651591285
1 0.19514237855946398 0.6591289782244556 0.21943048576214408 0.21943048576214408
1 0.6005025125628142 0.8190954773869348 0.2629815745393635 0.27805695142378556
1 0.5494137353433836 0.1993299832495813 0.3450586264656615 0.3216080402010051
1 0.13149078726968175 0.9112227805695131 0.2629815745393635 0.17755443886096958
1 0.35762144053601347 0.8107202680066998 0.25293132328308204 0.2847571189279726
1 0.872696817420435 0.6750418760469011 0.2546063651591288 0.3015075376884423
1 0.7051926298157453 0.37939698492462226 0.1976549413735329 0.17252931323282994
1 0.9145728643216077 0.2747068676716917 0.17085427135678288 0.2010050251256282
1 0.2914572864321612 0.17085427135678372 0.24790619765494157 0.13065326633165764
1 0.05527638190954774 0.14405360134003353 0.10720268006700168 0.18760469011725295
1 0.05025125628140704 0.45979899497487436 0.10050251256281408 0.24288107202680068
