1 0.30757575757575756 0.13787878787878788 0.29090909090909084 0.27575757575757576
1 0.2068181818181818 0.4090909090909092 0.26818181818181813 0.2757575757575758
1 0.5939393939393939 0.33787878787878783 0.23030303030303031 0.25151515151515147
1 0.75 0.22045454545454546 0.2969696969696969 0.33484848484848484
1 0.9310606060606053 0.143939393939394 0.1378787878787879 0.287878787878788
1 0.10151515151515152 0.1833333333333333 0.1575757575757576 0.17878787878787875
1 0.478030303030303 0.5265151515151516 0.2439393939393939 0.20151515151515156
1 0.8462121212121212 0.5333333333333333 0.1803030303030303 0.16969696969696962
1 0.9393939393939393 0.47045454545454546 0.12121212121212124 0.13787878787878796
1 0.8946969696969697 0.7598484848484849 0.21060606060606063 0.3257575757575757
1 0.6424242424242423 0.6901515151515152 0.2696969696969696 0.22878787878787876
1 0.5840909090909091 0.9022727272727272 0.2318181818181818 0.18939393939393923
1 0.3 0.8893939393939394 0.3151515151515152 0.22121212121212125
1 0.4553030303030303 0.7356060606060606 0.13484848484848486 0.1712121212121211
1 0.2696969696969697 0.696969696969697 0.2242424242424243 0.16666666666666663
1 0.05909090909090909 0.7621212121212121 0.11818181818181818 0.3393939393939393
