1 0.2643939393939394 0.8803030303030304 0.19848484848484851 0.16666666666666657
1 0.37878787878787873 0.7303030303030303 0.17272727272727273 0.13939393939393938
1 0.5977272727272728 0.6924242424242425 0.19545454545454546 0.18484848484848485
1 0.7681818181818181 0.7143939393939394 0.18181818181818188 0.18030303030303024
1 0.9189393939393937 0.6704545454545456 0.14696969696969722 0.18636363636363668
1 0.8969696969696969 0.22121212121212117 0.20606060606060608 0.1939393939393939
1 0.6863636363636353 0.14090909090909093 0.31515151515151496 0.28181818181818186
1 0.9068181818181819 0.4553030303030303 0.1863636363636364 0.24090909090909093
1 0.7348484848484849 0.4954545454545455 0.25151515151515147 0.2787878787878788
1 0.15530303030303022 0.6560606060606063 0.31060606060606044 0.3181818181818185
1 0.3158512622409599 0.37800270798072505 0.26720859843956307 0.27538125858435747
1 0.12424242424242422 0.3590909090909092 0.24848484848484845 0.27878787878787864
1 0.3871212121212122 0.5151515151515151 0.2318181818181818 0.27575757575757587
1 0.16893939393939386 0.10984848484848482 0.2954545454545453 0.21969696969696964
1 0.4333333333333336 0.06287878787878788 0.21212121212121215 0.12575757575757576
