1 0.45984848484848484 0.48409090909090907 0.10151515151515149 0.10151515151515142
1 0.9159090909090907 0.7500000000000001 0.1681818181818177 0.20606060606060614
1 0.3378787878787879 0.4636363636363636 0.06969696969696969 0.0757575757575757
1 0.1946969696969697 0.40984848484848485 0.05606060606060609 0.05909090909090906
1 0.27878787878787875 0.38257575757575757 0.0909090909090909 0.0803030303030303
1 0.5022727272727273 0.31742424242424244 0.08939393939393944 0.09545454545454543
1 0.5128787878787878 0.2189393939393939 0.08030303030303024 0.10757575757575755
1 0.7318181818181819 0.2340909090909091 0.08181818181818173 0.11969696969696969
1 0.8007575757575757 0.35 0.08333333333333329 0.0939393939393939
1 0.35378787878787876 0.3143939393939394 0.0681818181818182 0.06818181818181823
1 0.26666666666666666 0.13787878787878788 0.06666666666666668 0.08484848484848484
1 0.2909090909090909 0.225 0.051515151515151486 0.06212121212121211
1 0.40454545454545454 0.18484848484848485 0.06666666666666664 0.08181818181818183
1 0.4356060606060606 0.05 0.06515151515151515 0.0787878787878788
1 0.20757575757575758 0.22575757575757577 0.04848484848484848 0.07272727272727277
1 0.625 0.32727272727272727 0.04393939393939398 0.06666666666666668
