1 0.19848484848484851 0.768939393939394 0.28181818181818186 0.31969696969696976
1 0.4507575757575758 0.859090909090909 0.25303030303030305 0.27575757575757565
1 0.6999999999999994 0.7931818181818187 0.2818181818181826 0.24999999999999928
1 0.8015151515151515 0.5954545454545455 0.23030303030303031 0.22727272727272735
1 0.6636363636363631 0.40454545454545426 0.26666666666666655 0.2606060606060614
1 0.48181818181818203 0.6007575757575754 0.28181818181818247 0.2469696969696969
1 0.2143939393939394 0.4378787878787878 0.26515151515151514 0.25757575757575757
1 0.4272727272727264 0.3507575757575754 0.21212121212121146 0.2439393939393932
1 0.06742424242424243 0.5242424242424242 0.13484848484848486 0.13030303030303025
1 0.30303030303030304 0.20378787878787882 0.1787878787878788 0.1863636363636364
1 0.6712121212121213 0.22575757575757577 0.1515151515151514 0.14242424242424245
1 0.8113636363636363 0.13787878787878788 0.14393939393939392 0.1575757575757576
1 0.9318181818181819 0.1946969696969697 0.1363636363636364 0.12878787878787878
1 0.8795454545454541 0.31363636363636355 0.1318181818181814 0.12424242424242435
1 0.048484848484848485 0.1628787878787879 0.09696969696969697 0.13484848484848486
1 0.1575757575757576 0.23787878787878786 0.1303030303030303 0.16969696969696968
1 0.23484848484848428 0.06060606060606061 0.26060606060605956 0.12121212121212122
1 0.5340909090909092 0.1287878787878787 0.25606060606060604 0.19696969696969682
1 0.7143939393939394 0.0984848484848485 0.08939393939393937 0.12424242424242425
1 0.3098484848484838 0.6295454545454541 0.1015151515151512 0.11060606060606151
1 0.9590909090909088 0.620454545454545 0.08181818181818104 0.23787878787878874
