0 0.044696969696969686 0.1931818181818182 0.04696969696969695 0.1681818181818182
1 0.37727272727272726 0.4863636363636364 0.3242424242424242 0.3303030303030304
1 0.11893939393939384 0.6045454545454546 0.2378787878787877 0.25454545454545463
1 0.1 0.8643939393939394 0.2 0.24696969696969703
1 0.2522727272727273 0.8575757575757575 0.146969696969697 0.18484848484848498
1 0.34318181818181814 0.7234848484848484 0.16818181818181813 0.16515151515151516
1 0.7636363636363638 0.9151515151515152 0.21212121212121204 0.16969696969696968
1 0.5901515151515152 0.7356060606060606 0.156060606060606 0.2227272727272728
1 0.6128787878787879 0.543939393939394 0.18030303030303024 0.2242424242424242
1 0.5924242424242424 0.3212121212121212 0.24545454545454543 0.20606060606060614
1 0.8030303030303031 0.34090909090909094 0.17575757575757578 0.20303030303030303
1 0.7522727272727271 0.7303030303030301 0.23484848484848503 0.20909090909090933
1 0.34999999999999987 0.955303030303029 0.25757575757575774 0.08939393939393912
1 0.5795454545454546 0.9181818181818183 0.17121212121212118 0.14848484848484844
1 0.9378787878787879 0.9424242424242425 0.12424242424242422 0.11515151515151516
1 0.7977272727272728 0.5303030303030303 0.1863636363636364 0.16969696969696968
1 0.30454545454545423 0.2659090909090906 0.2242424242424243 0.10757575757575749
1 0.7022727272727272 0.1787878787878788 0.20454545454545453 0.14545454545454548
1 0.6780303030303031 0.05606060606060606 0.22575757575757577 0.11212121212121212
1 0.9704545454545455 0.23560606060606062 0.05909090909090906 0.1863636363636364
