1 0.45693750903349306 0.8439450314604245 0.3678600557025626 0.4153240832792113
1 0.5840909090909091 0.343181818181818 0.3924242424242425 0.3833333333333331
1 0.8878787878787877 0.6575757575757575 0.22424242424242372 0.32727272727272727
1 0.9075757575757575 0.10984848484848482 0.18484848484848487 0.21969696969696964
1 0.09621212121212123 0.3795454545454539 0.19242424242424247 0.31363636363636327
1 0.32196969696969674 0.21515151515151504 0.3803030303030298 0.3363636363636362
1 0.11136363636363622 0.6416666666666663 0.2227272727272724 0.2469696969696963
1 0.30606060606060576 0.5416666666666663 0.23333333333333273 0.3166666666666666
1 0.10681818181818188 0.09924242424242424 0.21363636363636376 0.1984848484848485
1 0.7030303030303026 0.08106060606060607 0.2999999999999998 0.14696969696969697
1 0.8954545454545451 0.356060606060606 0.20909090909090908 0.2636363636363638
