1 0.1716917922948074 0.42546063651591287 0.2294807370184255 0.19095477386934676
1 0.3936348408710218 0.4589614740368509 0.1574539363484087 0.16750418760469019
1 0.5050251256281407 0.32998324958123953 0.22948073701842545 0.16750418760469013
1 0.3525963149078727 0.25795644891122277 0.15912897822445563 0.1340033500837521
1 0.6222780569514238 0.23953098827470684 0.17587939698492455 0.16415410385259627
1 0.8944723618090451 0.8132328308207706 0.21105527638190943 0.2026800670016749
1 0.23115577889447222 0.850083752093802 0.16080402010050224 0.1658291457286431
1 0.4849246231155779 0.7881072026800666 0.1591289782244558 0.14237855946398698
1 0.5402010050251256 0.6390284757118928 0.1758793969849247 0.15912897822445565
1 0.8425460636515913 0.49748743718592964 0.16750418760469019 0.13400335008375217
1 0.6733668341708543 0.5284757118927975 0.1574539363484086 0.13902847571189317
1 0.0703517587939698 0.21356783919597988 0.1407035175879396 0.13567839195979894
1 0.4530988274706862 0.16415410385259624 0.17922948073701736 0.12395309882747055
1 0.6943048576214403 0.14991624790619762 0.1859296482412064 0.14572864321608037
1 0.3844221105527639 0.6055276381909549 0.1490787269681744 0.135678391959799
1 0.2981574539363484 0.6599664991624792 0.013400335008375244 0.006700167504187533
1 0.3743718592964824 0.8961474036850922 0.13567839195979903 0.15075376884422098
1 0.720268006700166 0.7051926298157454 0.17755443886097141 0.22445561139028458
1 0.8844221105527638 0.6222780569514238 0.16415410385259618 0.13902847571189283
1 0.10385259631490787 0.8500837520938024 0.13400335008375208 0.24288107202680068
1 0.11474036850921271 0.6566164154103852 0.14572864321608042 0.14740368509212703
1 0.8082077051926297 0.3123953098827471 0.1691792294807368 0.13567839195979906
1 0.7989949748743719 0.3894472361809045 0.1440536013400336 0.08877721943048571
1 0.26633165829145733 0.1407035175879397 0.1072026800670017 0.07370184254606364
1 0.5226130653266331 0.1063651591289782 0.16080402010050243 0.07872696817420435
1 0.539363484087102 0.4916247906197655 0.12730318257956413 0.13567839195979908
1 0.8241206030150755 0.9380234505862646 0.15075376884422112 0.12060301507537688
1 0.27135678391959794 0.6783919597989949 0.17085427135678402 0.17085427135678496
