1 0.14015151515151517 0.30303030303030304 0.1621212121212121 0.1606060606060606
1 0.34924242424242424 0.21515151515151515 0.24696969696969695 0.2272727272727273
1 0.7098484848484848 0.49090909090909096 0.2318181818181818 0.26969696969696977
1 0.3303030303030303 0.44848484848484843 0.24848484848484848 0.26666666666666666
1 0.27575757575757576 0.9053030303030303 0.1787878787878788 0.18939393939393936
1 0.4893939393939394 0.8651515151515151 0.23636363636363633 0.2696969696969697
1 0.7583333333333334 0.13257575757575757 0.2166666666666667 0.1803030303030303
1 0.6371212121212122 0.28030303030303033 0.2227272727272728 0.1363636363636364
1 0.8727272727272728 0.3257575757575757 0.23636363636363641 0.18484848484848482
1 0.08560606060606059 0.08636363636363636 0.17121212121212118 0.17272727272727273
1 0.25984848484848483 0.0659090909090909 0.143939393939394 0.1318181818181818
1 0.12727272727272726 0.7090909090909091 0.1575757575757576 0.2121212121212121
1 0.25151515151515147 0.6083333333333334 0.15151515151515152 0.15303030303030296
1 0.4371212121212122 0.6265151515151516 0.1257575757575757 0.17121212121212132
1 0.6022727272727273 0.6651515151515152 0.1681818181818182 0.2181818181818182
1 0.12424242424242408 0.9121212121212113 0.18787878787878756 0.1757575757575769
1 0.7484848484848484 0.9143939393939394 0.303030303030303 0.17121212121212126
1 0.8090909090909091 0.6992424242424243 0.21818181818181828 0.23787878787878797
1 0.0984848484848485 0.4946969696969689 0.18484848484848487 0.2075757575757574
1 0.9628787878787878 0.7984848484848485 0.07424242424242422 0.3090909090909091
1 0.5833333333333334 0.13257575757575757 0.15454545454545454 0.17424242424242423
1 0.30606060606060603 0.7621212121212122 0.17575757575757575 0.12727272727272734
