1 0.09772727272727273 0.7984848484848485 0.19545454545454546 0.19090909090909094
1 0.2227272727272727 0.937121212121212 0.13636363636363635 0.12575757575757546
1 0.07954545454545453 0.6242424242424243 0.15909090909090906 0.1636363636363636
1 0.25909090909090904 0.662878787878788 0.12121212121212122 0.10757575757575757
1 0.47045454545454546 0.8636363636363636 0.19545454545454524 0.19090909090909097
1 0.8242424242424243 0.8189393939393933 0.22424242424242424 0.2530303030303019
1 0.6780303030303027 0.9045454545454541 0.29242424242424236 0.19090909090909114
1 0.42045454545454547 0.5719696969696968 0.17727272727272722 0.1742424242424239
1 0.34924242424242413 0.3825757575757575 0.18333333333333332 0.18636363636363634
1 0.4924242424242424 0.4325757575757572 0.1969696969696975 0.1712121212121204
1 0.06363636363636366 0.48484848484848475 0.12727272727272732 0.13030303030303034
1 0.2696969696969697 0.5742424242424242 0.12424242424242429 0.10303030303030297
1 0.28409090909090906 0.803787878787879 0.16818181818181824 0.17727272727272692
1 0.5234848484848484 0.7015151515151515 0.1318181818181818 0.10606060606060609
1 0.042424242424242434 0.3113636363636364 0.08484848484848487 0.12575757575757582
1 0.2128787878787879 0.34545454545454546 0.09848484848484851 0.12424242424242425
1 0.6507575757575758 0.7106060606060606 0.10757575757575757 0.1878787878787878
1 0.24166666666666667 0.5143939393939394 0.12272727272727274 0.07121212121212132
2 0.04318181818181818 0.08181818181818173 0.08636363636363636 0.16363636363636347
0 0.1575757575757576 0.030303030303030297 0.09696969696969697 0.04848484848484848
