1 0.18636363636363634 0.886363636363636 0.2030303030303029 0.2272727272727259
1 0.39090909090909065 0.6613636363636364 0.2030303030303026 0.20757575757575716
1 0.43636363636363634 0.869696969696969 0.27878787878787864 0.26060606060605923
1 0.6537878787878781 0.7015151515151521 0.31666666666666643 0.34848484848484884
1 0.7068181818181816 0.9416666666666649 0.28333333333333294 0.11666666666666668
1 0.9340909090909086 0.7030303030303031 0.13181818181818153 0.29696969696969694
1 0.7083333333333335 0.4462121212121212 0.20454545454545453 0.1954545454545454
1 0.8189393939393941 0.3242424242424242 0.23484848484848483 0.17272727272727267
1 0.953030303030303 0.17272727272727267 0.09393939393939402 0.23030303030303012
1 0.7893939393939394 0.17348484848484852 0.2575757575757576 0.18333333333333335
1 0.44000005561612243 0.4319013785628585 0.1853687913329312 0.15033685683809098
1 0.40833333333333255 0.49166666666666686 0.16212121212121183 0.15303030303030263
1 0.5471012216750494 0.4677443167947124 0.1568573117308482 0.07932306653436924
1 0.90530303030303 0.554545454545454 0.18939393939393864 0.26363636363636384
