1 0.11515151515151516 0.6386363636363639 0.23030303030303031 0.2318181818181814
1 0.09545454545454547 0.37499999999999994 0.19090909090909094 0.29545454545454564
1 0.4670851148846087 0.8273429964517318 0.3703574858426887 0.4190517043557898
1 0.587121212121212 0.34166666666666656 0.3924242424242424 0.3833333333333333
1 0.8893939393939354 0.6575757575757579 0.2212121212121181 0.32121212121212167
1 0.8878787878787879 0.35757575757575727 0.2242424242424243 0.27575757575757626
1 0.90530303030303 0.11060606060606061 0.18939393939393848 0.22121212121212122
1 0.3211881303105732 0.5571376805649849 0.33426131935591485 0.2953630554282608
1 0.2681818181818183 0.5462121212121201 0.15151515151515127 0.3106060606060611
1 0.0909090909090909 0.0939393939393939 0.18181818181818182 0.1878787878787878
1 0.6893939393939393 0.08257575757575757 0.2393939393939393 0.15303030303030302
