2 0.27045454545454545 0.27954545454545454 0.4893939393939394 0.24696969696969695
1 0.2348484848484848 0.6962121212121207 0.3484848484848484 0.3227272727272718
1 0.7912396709173888 0.4730437655530484 0.32080204830396725 0.39323073056794944
1 0.8318181818181819 0.40757575757575765 0.2212121212121211 0.17272727272727273
1 0.8113636363636363 0.6848484848484848 0.253030303030303 0.23333333333333336
1 0.9075757575757575 0.8386363636363636 0.18484848484848485 0.2924242424242425
1 0.7053030303030303 0.9 0.2863636363636363 0.2
1 0.33181818181818185 0.928787878787878 0.4090909090909092 0.14242424242424095
1 0.05606060606060605 0.8363636363636364 0.1121212121212121 0.3121212121212122
1 0.10681818181818181 0.5537878787878787 0.21363636363636362 0.24090909090909085
1 0.2840909090909086 0.5083333333333334 0.14393939393939376 0.08333333333333362
