1 0.39848484848484844 0.16363636363636364 0.309090909090909 0.32727272727272727
1 0.6931818181818181 0.26590909090909093 0.16818181818181807 0.23484848484848483
1 0.7848484848484848 0.49621212121212116 0.12424242424242408 0.23787878787878783
1 0.9227272727272728 0.4037878787878788 0.15454545454545454 0.2742424242424243
1 0.8901515151515151 0.11363636363636363 0.11060606060606062 0.13333333333333336
1 0.04545454545454547 0.3575757575757576 0.09090909090909094 0.29090909090909095
1 0.1462121212121212 0.21969696969696972 0.2681818181818182 0.3212121212121212
1 0.08636363636363636 0.6992424242424243 0.17272727272727273 0.28333333333333327
1 0.2545454545454545 0.5325757575757575 0.17878787878787875 0.18030303030303024
1 0.34924242424242424 0.4628787878787879 0.11666666666666668 0.18939393939393953
1 0.5295454545454545 0.49015151515151517 0.2318181818181818 0.2196969696969697
1 0.6621212121212117 0.7166666666666667 0.13939393939394024 0.2515151515151515
1 0.7984848484848485 0.8878787878787872 0.23333333333333356 0.2121212121212104
1 0.8575757575757577 0.7015151515151514 0.1878787878787878 0.14242424242424243
1 0.3621212121212121 0.7893939393939391 0.3151515151515154 0.36363636363636426
1 0.5962121212121209 0.9454545454545447 0.15303030303030357 0.10909090909090745
1 0.056060606060606075 0.9227272727272723 0.11212121212121215 0.1545454545454555
1 0.715151515151515 0.04090909090909091 0.11818181818181828 0.08181818181818182
