1 0.4712121212121214 0.406060606060606 0.4393939393939396 0.47575757575757616
1 0.8931818181818181 0.5848484848484848 0.21363636363636335 0.390909090909091
1 0.2242424242424241 0.715151515151515 0.33636363636363614 0.4090909090909094
1 0.29545454545454564 0.956060606060606 0.2575757575757574 0.0878787878787881
1 0.31666666666666665 0.12803030303030302 0.27575757575757576 0.25606060606060604
1 0.5848484848484848 0.090909090909091 0.2575757575757575 0.15757575757575773
1 0.8969696969696961 0.08181818181818182 0.20606060606060445 0.16363636363636364
1 0.8401515151515152 0.28106060606060607 0.2924242424242425 0.2348484848484849
1 0.6939393939393927 0.6439393939393935 0.22121212121212092 0.34545454545454674
1 0.08333333333333331 0.4037878787878789 0.16666666666666663 0.21363636363636346
1 0.4878787878787879 0.765151515151515 0.20303030303030328 0.1393939393939394
