1 0.9567056253525607 0.6487747193326523 0.2110002634322914 0.2655093456440389
1 0.4193608057551146 0.6506750421533012 0.2181783715467766 0.17578541101152179
1 0.7854688672738268 0.46753245794513776 0.33019073528950554 0.3893466450228115
1 0.16608019670831578 0.9136827313502712 0.32391604567018545 0.33400040535697556
1 0.21893939393939393 0.18030303030303024 0.22272727272727275 0.23030303030303034
1 0.87562192405769 0.47693865571001903 0.2602331360680955 0.24869683045919833
1 0.9645016399160384 1.0914483583584973 0.261463485330753 0.18301295756728014
1 0.4234848484848485 0.2893939393939394 0.24696969696969703 0.1878787878787879
1 0.8795454545454544 0.40530303030303044 0.24090909090909057 0.23484848484848506
1 0.33409090909090916 0.9212121212121213 0.3984848484848485 0.14242424242424248
1 0.9143939393939391 0.8484848484848484 0.17121212121212068 0.30303030303030304
1 0.07121212121212121 0.33333333333333315 0.14242424242424243 0.22424242424242466
1 0.21562663005885818 0.4964897332837097 0.22733596869588837 0.10039088593129013
1 0.8174242424242425 0.21439393939393941 0.14393939393939392 0.1772727272727273
1 0.6022727272727276 0.061363636363636356 0.1954545454545449 0.12272727272727271
1 0.5655541357001954 0.14879360171019063 0.1330200530827984 0.09596410381434359
