0 0.12348484848484848 0.6856060606060607 0.11363636363636363 0.2196969696969697
1 0.7159090909090909 0.8219696969696969 0.2409090909090908 0.253030303030303
1 0.7015151515151514 0.4492424242424242 0.17272727272727273 0.19848484848484843
1 0.7075757575757575 0.26515151515151514 0.14242424242424243 0.1515151515151515
1 0.8575757575757577 0.08484848484848487 0.21818181818181814 0.16969696969696973
1 0.9356060606060607 0.2924242424242424 0.12878787878787876 0.1727272727272727
1 0.7537878787878788 0.5924242424242425 0.23787878787878775 0.1727272727272728
1 0.9234848484848485 0.7159090909090909 0.15303030303030313 0.18030303030303038
1 0.9075757575757575 0.9015151515151516 0.18484848484848485 0.19393939393939405
1 0.8901515151515151 0.4946969696969697 0.1803030303030303 0.21060606060606063
1 0.8257575757575757 0.2643939393939394 0.08787878787878739 0.18030303030303027
