1 0.3371212121212121 0.7356060606060606 0.18939393939393936 0.19242424242424241
1 0.6795454545454537 0.6257575757575755 0.14696969696969672 0.14242424242424231
1 0.8999999999999972 0.8651515151515146 0.19393939393939316 0.169696969696968
1 0.10606060606060605 0.33333333333333326 0.2121212121212121 0.22727272727272727
1 0.1325757575757575 0.049242424242424226 0.19242424242424225 0.09848484848484845
1 0.06515151515151515 0.1356060606060606 0.1303030303030303 0.16818181818181815
1 0.25909090909090887 0.187121212121212 0.2545454545454545 0.26818181818181824
1 0.32196969696969696 0.4575757575757576 0.21969696969696964 0.2757575757575758
1 0.1037878787878788 0.5318181818181819 0.19848484848484851 0.16969696969696976
1 0.11287878787878791 0.7068181818181817 0.16818181818181824 0.1803030303030308
1 0.34469696969696967 0.8840909090909088 0.13787878787878788 0.09242424242424235
1 0.5151515151515151 0.5606060606060604 0.1636363636363637 0.1696969696969703
1 0.5212121212121212 0.3818181818181818 0.17878787878787883 0.17878787878787875
1 0.46439393939393947 0.19469696969696976 0.15303030303030313 0.19848484848484854
1 0.5606060606060596 0.0818181818181818 0.17878787878787833 0.1636363636363636
1 0.6606060606060611 0.24242424242424207 0.2242424242424245 0.1939393939393939
1 0.7113636363636363 0.4409090909090909 0.20454545454545456 0.21818181818181817
1 0.9181818181818163 0.14015151515151505 0.16363636363636327 0.23181818181818165
1 0.8492424242424234 0.24999999999999997 0.1499999999999997 0.19090909090909086
1 0.9439393939393941 0.3371212121212121 0.11212121212121204 0.16515151515151516
1 0.9712121212121212 0.5030303030303029 0.05757575757575765 0.16666666666666663
1 0.8772727272727274 0.4204545454545457 0.12727272727272732 0.15000000000000013
1 0.7757575757575755 0.07196969696969696 0.24242424242424182 0.14393939393939392
1 0.14696969696969694 0.9098484848484848 0.21818181818181817 0.1803030303030303
