1 0.2606060606060606 0.7825757575757575 0.19090909090909094 0.2136363636363636
1 0.06287878787878787 0.5553030303030297 0.12575757575757573 0.22272727272727239
1 0.05454545454545454 0.7530303030303028 0.10909090909090909 0.17272727272727256
1 0.11893939393939394 0.9234848484848486 0.23484848484848483 0.1530303030303029
1 0.2946969696969697 0.9621212121212122 0.11666666666666668 0.07575757575757577
1 0.19924242424242367 0.6325757575757575 0.18636363636363598 0.11969696969696936
1 0.1878787878787879 0.5219696969696971 0.12424242424242422 0.09545454545454547
1 0.07272727272727271 0.3833333333333333 0.14545454545454542 0.1303030303030305
1 0.08484848484848481 0.27575757575757553 0.12424242424242418 0.1030303030303029
1 0.07196969696969698 0.1818181818181818 0.10151515151515152 0.10606060606060605
