1 0.10681818181818181 0.634090909090909 0.21363636363636362 0.2378787878787881
1 0.9672133871440041 1.077709573316572 0.37338747367030967 0.42621321594906353
1 0.2942091265884222 0.5507031527034532 0.24380814995742836 0.29393939393939456
1 0.09696969696969697 0.37727272727272726 0.19393939393939394 0.293939393939394
1 0.30055730875007564 0.5126090293384841 0.32887759717931575 0.25899522745610587
1 0.590909090909091 0.33712121212121215 0.3909090909090905 0.3833333333333332
1 1.1063946009487748 0.65127930375705 0.21345447695537825 0.2884743159237317
1 0.8886363636363632 0.6553030303030306 0.22272727272727205 0.3106060606060601
1 0.9068181818181812 0.11212121212121212 0.18636363636363523 0.22424242424242424
1 0.9340583843865099 0.22576806562838697 0.24130224821775847 0.1425348963935947
