1 0.19621212121212117 0.078030303030303 0.21969696969696964 0.156060606060606
1 0.04090909090909091 0.17348484848484846 0.08181818181818182 0.13484848484848486
1 0.13939393939393938 0.2037878787878788 0.09696969696969694 0.11363636363636365
1 0.24696969696969695 0.20303030303030303 0.1090909090909091 0.11515151515151517
1 0.36590909090909096 0.1409090909090909 0.12878787878787878 0.14848484848484847
1 0.3878787878787879 0.043939393939393945 0.10606060606060609 0.06363636363636364
1 0.5386363636363636 0.04999999999999999 0.11969696969696976 0.09696969696969696
1 0.4878787878787879 0.11893939393939394 0.09696969696969703 0.10151515151515156
1 0.5053030303030304 0.20151515151515154 0.11060606060606056 0.10909090909090909
1 0.8401515151515152 0.36742424242424243 0.1803030303030303 0.19545454545454544
