1 0.10151515151515154 0.8583333333333332 0.19393939393939397 0.17424242424242467
1 0.31136363636363656 0.6946969696969693 0.18939393939393973 0.17121212121212148
1 0.7954545454545447 0.6393939393939398 0.22727272727272801 0.1878787878787881
1 0.42727272727272725 0.42575757575757595 0.1666666666666667 0.18181818181818182
1 0.1871212121212122 0.33636363636363625 0.19545454545454546 0.16060606060606036
1 0.14696969696969697 0.14015151515151517 0.23030303030303031 0.2196969696969697
1 0.2553030303030303 0.5015151515151515 0.23484848484848483 0.22727272727272718
1 0.6674242424242434 0.4298424929851044 0.3106060606060607 0.2797089534237294
1 0.8818181818181817 0.49848484848484825 0.12424242424242447 0.14848484848484886
1 0.7015151515151539 0.18143776823708074 0.2393939393939395 0.21742099101961673
1 0.9113636363636357 0.27803030303030296 0.17727272727272786 0.3106060606060607
