1 0.13030303030303028 0.14545454545454542 0.21212121212121207 0.2636363636363636
1 0.125 0.6568181818181817 0.25 0.32272727272727264
1 0.25151515151515147 0.8772727272727272 0.19090909090909086 0.19696969696969702
1 0.3818181818181818 0.7242424242424242 0.1939393939393939 0.1575757575757575
1 0.5939393939393939 0.6916666666666668 0.1878787878787878 0.18939393939393945
1 0.39090909090909065 0.31287878787878787 0.22727272727272677 0.24696969696969698
1 0.6590909090909085 0.13787878787878777 0.33636363636363514 0.2757575757575755
1 0.9022727272727272 0.22424242424242422 0.1863636363636364 0.2
1 0.7242424242424242 0.49696969696969645 0.27878787878787864 0.28181818181818163
1 0.7719696969696969 0.7083333333333335 0.16515151515151516 0.17424242424242423
1 0.9310606060606061 0.6765151515151515 0.11969696969696969 0.18636363636363634
1 0.9037878787878785 0.45757575757575736 0.19242424242424336 0.2393939393939397
1 0.5022727272727273 0.48484848484848486 0.15 0.20303030303030298
