1 0.15530303030303025 0.1371212121212121 0.30151515151515146 0.2742424242424242
1 0.4431818181818184 0.11515151515151514 0.2803030303030308 0.2303030303030303
1 0.6492424242424241 0.03787878787878789 0.25303030303030327 0.07575757575757577
1 0.8886363636363639 0.09924242424242427 0.22272727272727225 0.19848484848484854
1 0.4780303030303028 0.3772727272727272 0.2803030303030301 0.30909090909090925
1 0.8343930304570345 0.15854996271657623 0.20591129195901953 0.24933019077657814
1 0.7265151515151516 0.6242424242424243 0.1560606060606061 0.1636363636363636
1 0.8916666666666646 0.6393939393939394 0.21666666666666623 0.23939393939393894
1 0.8454545454545455 0.375 0.3090909090909087 0.31060606060606083
1 0.757108637535802 0.4176487405651437 0.1930310494285278 0.182659558487935
