1 0.3393939393939388 0.2704545454545455 0.32121212121212067 0.2166666666666667
1 0.5234848484848484 0.17272727272727273 0.10151515151515149 0.15454545454545454
1 0.6515151515151514 0.1431818181818182 0.12727272727272726 0.11666666666666664
1 0.8060606060606064 0.08712121212121214 0.1727272727272725 0.17424242424242428
1 0.8999999999999989 0.18409090909090914 0.1999999999999999 0.20454545454545464
1 0.9265151515151517 0.41666666666666674 0.14696969696969603 0.26969696969696955
1 0.21818181818181806 0.5886363636363634 0.22424242424242408 0.21363636363636287
1 0.08409090909090908 0.475 0.11363636363636363 0.11363636363636374
1 0.3795454545454545 0.4507575757575758 0.26212121212121214 0.10757575757575757
1 0.4825757575757576 0.5643939393939393 0.1833333333333333 0.12272727272727266
1 0.2621212121212121 0.9136363636363637 0.2515151515151516 0.17272727272727267
1 0.4446969696969696 0.8121212121212119 0.2893939393939394 0.29393939393939356
1 0.7015151515151515 0.9083333333333334 0.28484848484848485 0.1833333333333333
1 0.7348484848484849 0.5174242424242425 0.3242424242424243 0.25909090909090915
1 0.7568181818181817 0.7219696969696972 0.35000000000000014 0.22575757575757532
1 0.18560606060606002 0.8159090909090913 0.19242424242424172 0.20151515151515048
1 0.04545454545454545 0.7409090909090906 0.0909090909090909 0.25151515151515175
1 0.6537878787878786 0.3393939393939398 0.262121212121212 0.0939393939393944
