1 0.22651515151515153 0.11666666666666665 0.19242424242424241 0.2333333333333333
1 0.48636363636363633 0.20151515151515154 0.1363636363636364 0.1545454545454546
1 0.0628787878787879 0.6000000000000003 0.1257575757575758 0.20000000000000073
1 0.18939393939393936 0.5750000000000001 0.11818181818181817 0.16818181818181813
1 0.14848484848484847 0.25984848484848483 0.15151515151515152 0.10454545454545457
1 0.08636363636363636 0.32272727272727275 0.1575757575757576 0.10606060606060598
1 0.4249999999999997 0.4113636363636361 0.14393939393939428 0.23181818181818092
1 0.015909090909090907 0.14166666666666664 0.031818181818181815 0.1348484848484848
1 0.06439393939393938 0.03712121212121208 0.12878787878787876 0.07424242424242417
1 0.37499999999999994 0.059848484848484845 0.1257575757575759 0.11969696969696969
