2 0.31136363636363606 0.2083333333333333 0.5318181818181814 0.35
1 0.21212121212121207 0.4712121212121212 0.2333333333333333 0.17878787878787858
1 0.7947286994739451 0.46390539267712827 0.34393707764763 0.3948661153358964
1 0.8757575757575755 0.40530303030303005 0.2484848484848481 0.20757575757575694
1 0.9479837464804607 0.6500877344152473 0.20453526296250632 0.2697427273204312
1 0.9113636363636364 0.8409090909090909 0.1772727272727272 0.2909090909090908
1 0.7166666666666667 0.9037878787878786 0.2757575757575758 0.19242424242424191
1 0.33484848484848473 0.9280303030303021 0.390909090909091 0.14393939393939276
1 0.04696969696969697 0.8431818181818181 0.09393939393939393 0.31363636363636366
1 0.24772727272727238 0.7015151515151516 0.3560606060606055 0.31212121212121097
