1 0.4636363636363636 0.3946969696969697 0.39696969696969686 0.4136363636363635
1 0.9045454545454537 0.5856060606060605 0.19090909090909056 0.38636363636363613
1 0.7053030303030303 0.646969696969697 0.2196969696969697 0.32727272727272727
1 0.2272727272727271 0.7219696969696962 0.34848484848484806 0.37424242424242427
1 0.06212121212121212 0.47121212121212125 0.12424242424242424 0.35454545454545455
1 0.29090909090909084 0.13560606060606062 0.22727272727272724 0.27121212121212124
1 0.5901515151515152 0.10075757575757577 0.25909090909090904 0.1590909090909091
1 0.8962121212121212 0.07803030303030303 0.2075757575757575 0.15606060606060607
1 0.8522727272727272 0.3136363636363636 0.29545454545454547 0.31212121212121213
1 0.5181818181818182 0.7689393939393939 0.17575757575757578 0.11060606060606062
1 0.5833333333333334 0.9636363636363636 0.2666666666666667 0.07272727272727281
1 0.3151515151515152 0.9575757575757575 0.22424242424242422 0.08484848484848484
1 0.1984848484848485 0.38939393939393946 0.13030303030303025 0.2545454545454546
1 0.08106060606060604 0.06515151515151515 0.16212121212121208 0.1303030303030303
