1 0.3148172529217959 0.35722773068769803 0.2593436427396335 0.2797434260561722
1 0.8954545454545455 0.22954545454545452 0.1878787878787878 0.20151515151515154
1 0.925 0.6719696969696969 0.15000000000000008 0.19242424242424222
1 0.7780303030303031 0.7174242424242425 0.17727272727272733 0.18939393939393953
1 0.5962121212121212 0.6992424242424242 0.19545454545454546 0.20151515151515148
1 0.37499999999999994 0.7295454545454545 0.17727272727272744 0.162121212121212
1 0.2606060606060607 0.8734848484848488 0.21212121212121182 0.19545454545454596
1 0.12575757575757576 0.35984848484848464 0.2515151515151515 0.28030303030303066
1 0.16590909090909098 0.10833333333333331 0.3015151515151516 0.21666666666666662
1 0.43560606060606055 0.051515151515151514 0.2348484848484848 0.10303030303030303
1 0.6810606060606048 0.14015151515151505 0.3318181818181817 0.2803030303030301
1 0.7318181818181819 0.4931818181818181 0.2636363636363636 0.2712121212121212
1 0.9181818181818181 0.4613636363636363 0.16363636363636375 0.25
1 0.1537878787878788 0.6553030303030303 0.3075757575757576 0.31363636363636377
1 0.5044917878168682 0.4738378317393021 0.2038348880593694 0.25657637182303095
