1 0.21590909090909094 0.4348484848484848 0.2681818181818182 0.26060606060606056
1 0.42727272727272714 0.35984848484848486 0.2303030303030302 0.21060606060606066
1 0.6598484848484842 0.3106060606060608 0.2530303030303022 0.27878787878787936
1 0.4833333333333333 0.5954545454545458 0.27878787878787875 0.25151515151515147
1 0.20075757575757577 0.7727272727272728 0.2560606060606061 0.3363636363636364
1 0.6560606060606061 0.9348484848484848 0.20000000000000007 0.1303030303030303
1 0.8878787878787887 0.881060606060606 0.21515151515151543 0.23787878787878788
1 0.6810606060606061 0.7674242424242423 0.25909090909090915 0.17121212121212126
1 0.4439393939393939 0.8583333333333334 0.25151515151515147 0.2772727272727276
1 0.7098484848484848 0.5992424242424242 0.15606060606060596 0.1772727272727272
1 0.8265151515151516 0.47575757575757577 0.2469696969696969 0.23636363636363683
1 0.4378787878787877 0.18030303030303024 0.16666666666666624 0.1666666666666665
1 0.708333333333333 0.12272727272727266 0.1621212121212114 0.15757575757575748
1 0.28712121212121205 0.18106060606060587 0.1681818181818187 0.18636363636363618
1 0.05757575757575758 0.15984848484848485 0.11515151515151516 0.14696969696969694
1 0.03939393939393939 0.8818181818181817 0.07878787878787878 0.18484848484848476
1 0.9212121212121213 0.08181818181818182 0.15757575757575765 0.16363636363636364
1 0.5651515151515146 0.10227272727272718 0.1181818181818176 0.16818181818181807
1 0.227272727272727 0.04469696969696966 0.3181818181818178 0.08939393939393932
1 0.051515151515151535 0.5689393939393933 0.10303030303030307 0.3015151515151514
1 0.8666666666666657 0.6909090909090909 0.13939393939394115 0.13333333333333364
1 0.9318181818181818 0.3401515151515153 0.13636363636363635 0.14696969696969717
1 0.14772727272727262 0.23636363636363641 0.14393939393939376 0.19090909090909075
