1 0.3431818181818182 0.26666666666666666 0.3045454545454545 0.20909090909090913
1 0.5196969696969685 0.1666666666666665 0.09696969696969628 0.1181818181818178
1 0.6553030303030303 0.15227272727272725 0.13787878787878788 0.11363636363636359
1 0.8196969696969697 0.09090909090909091 0.16969696969696968 0.17272727272727273
1 0.9022727272727272 0.18106060606060603 0.19545454545454546 0.19848484848484843
1 0.9287878787878754 0.4166666666666665 0.14242424242424195 0.2606060606060603
1 0.13863636363636364 0.3681818181818181 0.19848484848484843 0.09999999999999985
1 0.10833333333333335 0.47196969696969693 0.1651515151515152 0.0863636363636364
1 0.22272727272727275 0.5719696969696969 0.20606060606060608 0.20151515151515148
1 0.3674242424242424 0.4939393939393939 0.20757575757575758 0.20909090909090913
1 0.5 0.5734848484848485 0.16969696969696968 0.17121212121212118
1 0.6787878787878787 0.35151515151515156 0.34545454545454546 0.11212121212121211
1 0.7356060606060606 0.4954545454545455 0.3015151515151515 0.20303030303030303
1 0.7568181818181811 0.7075757575757581 0.33484848484848356 0.23333333333333267
1 0.4560606060606059 0.8060606060606059 0.27575757575757553 0.29393939393939383
1 0.20075757575757577 0.7780303030303025 0.18333333333333324 0.12878787878787942
1 0.25227272727272726 0.9310606060606059 0.253030303030303 0.13787878787878796
1 0.7136363636363636 0.9136363636363636 0.3212121212121212 0.17272727272727256
1 0.0696969696969697 0.7431818181818182 0.1303030303030303 0.25
1 0.6886363636363637 0.03939393939393939 0.0863636363636364 0.07878787878787878
