1 0.2512562814070354 0.26465661641540983 0.42546063651591337 0.38860971524288035
1 0.15159128978224454 0.6306532663316582 0.3031825795644891 0.403685092127303
1 0.541038525963149 0.577889447236181 0.29815745393634835 0.2847571189279732
1 0.5711892797319925 0.8207705192629802 0.31490787269681647 0.2613065326633171
1 0.32747068676716923 0.8517587939698491 0.24288107202680081 0.2696817420435514
1 0.8609715242881067 0.44891122278056955 0.27805695142378567 0.36515912897822456
1 0.7051926298157453 0.08207705192629815 0.38190954773869346 0.1641541038525963
1 0.7085427135678393 0.24371859296482412 0.2646566164154104 0.21943048576214408
1 0.48408710217755496 0.13986599664991625 0.18760469011725311 0.20603015075376888
1 0.3835845896147398 0.5418760469011724 0.154103852596315 0.2562814070351756
1 0.8710217755443886 0.7973199329983249 0.2579564489112223 0.3216080402010048
1 0.7721943048576206 0.9438860971524266 0.31825795644891136 0.11222780569514353
1 0.07453936348408707 0.875209380234505 0.14907872696817415 0.24958123953098807
