1 0.15996649916247904 0.5443886097152429 0.1993299832495812 0.2010050251256282
1 0.1072026800670017 0.3140703517587939 0.2144053601340034 0.32328308207705214
1 0.36264656616415414 0.3994974874371859 0.2294807370184255 0.29983249581239524
1 0.559463986599665 0.25460636515912893 0.17755443886097155 0.20100502512562812
1 0.8174204355108879 0.49329983249581216 0.12060301507537663 0.11222780569514264
1 0.721105527638191 0.29899497487437177 0.17252931323283063 0.15912897822445546
1 0.8726968174204349 0.27638190954773867 0.1440536013400342 0.2144053601340034
1 0.9212730318257952 0.08793969849246229 0.1574539363484086 0.17587939698492458
1 0.3082077051926298 0.18174204355108878 0.14740368509212726 0.1557788944723618
1 0.07118927973199328 0.061139028475711885 0.14237855946398656 0.12227805695142377
1 0.4363484087102178 0.1323283082077052 0.09882747068676714 0.21105527638190957
1 0.6649916247906198 0.11725293132328302 0.16080402010050354 0.17755443886097144
