1 0.8984848484848484 0.40681818181818186 0.13333333333333341 0.156060606060606
1 0.20757575757575758 0.553030303030303 0.23939393939393938 0.2787878787878787
1 0.08712121212121213 0.35984848484848486 0.1712121212121212 0.21060606060606063
1 0.1628787878787879 0.16439393939393937 0.10151515151515149 0.11666666666666674
1 0.3893939393939394 0.27575757575757576 0.23030303030303031 0.21212121212121215
1 0.32954545454545453 0.44469696969696976 0.20151515151515154 0.21060606060606063
1 0.12045454545454547 0.7689393939393939 0.17424242424242425 0.2075757575757575
1 0.3045454545454545 0.13257575757575757 0.16363636363636355 0.08333333333333331
1 0.5909090909090909 0.11515151515151516 0.12424242424242429 0.1606060606060606
1 0.0909090909090909 0.08181818181818182 0.12727272727272726 0.11818181818181817
