1 0.07196969696969698 0.42272727272727295 0.14393939393939395 0.20606060606060564
1 0.1696969696969695 0.847727272727273 0.31212121212121174 0.30454545454545406
1 0.27651515151515155 0.47348484848484856 0.2500000000000001 0.20454545454545442
1 0.6901515151515148 0.8553030303030301 0.3136363636363631 0.28939393939393904
1 0.41590909090909084 0.8037878787878787 0.24999999999999997 0.28333333333333327
1 0.6166666666666667 0.5598484848484848 0.2000000000000001 0.17727272727272744
1 0.4863636363636364 0.5136363636363636 0.20303030303030303 0.20606060606060617
1 0.07196969696969696 0.6446969696969699 0.14393939393939392 0.16818181818181824
1 0.22803030303030306 0.6651515151515152 0.14393939393939392 0.11515151515151523
1 0.3871212121212119 0.9537878787878789 0.20454545454545417 0.09242424242424256
1 0.7828181088237701 0.6770902186902031 0.20455805423582415 0.12103039590996423
1 0.24772727272727263 0.5674242424242422 0.2075757575757578 0.11969696969697
1 0.5524071817742721 0.6048523550515902 0.22653228672276696 0.07768990654514368
