1 0.06363636363636363 0.5969696969696969 0.12727272727272726 0.2272727272727274
1 0.8318181818181807 0.76969696969697 0.33636363636363453 0.31515151515151474
1 0.24696969696969703 0.5871212121212117 0.24848484848484842 0.3166666666666678
1 0.25984848484848483 0.18560606060606064 0.15303030303030302 0.17121212121212126
1 0.125 0.1946969696969697 0.12878787878787878 0.14090909090909093
1 0.675 0.2636363636363636 0.2833333333333334 0.26666666666666666
1 0.8257575757575758 0.15151515151515152 0.1727272727272728 0.1787878787878788
1 0.8742424242424238 0.5166666666666662 0.1454545454545445 0.1545454545454554
1 0.8159090909090909 0.40227272727272717 0.15606060606060596 0.13787878787878788
1 0.9590909090909091 0.39166666666666666 0.08181818181818173 0.21666666666666667
1 0.178030303030303 0.8280303030303027 0.153030303030303 0.17727272727272783
1 0.7454545454545455 0.95 0.23030303030303037 0.09393939393939377
1 0.3462121212121209 0.05378787878787879 0.13787878787878835 0.10757575757575757
1 0.0787878787878788 0.3136363636363636 0.15454545454545454 0.14545454545454542
1 0.3257575757575758 0.8106060606060607 0.17272727272727273 0.16363636363636375
