1 0.20757575757575758 0.41818181818181815 0.2727272727272727 0.2878787878787879
1 0.3083333333333333 0.14696969696969694 0.2833333333333333 0.2939393939393939
1 0.5840909090909083 0.33030303030303027 0.2590909090909107 0.24848484848484856
1 0.49621212121212127 0.4999999999999997 0.26212121212121225 0.1727272727272731
1 0.3250000000000001 0.8893939393939388 0.2772727272727271 0.22121212121211997
1 0.5886363636363634 0.9068181818181817 0.23787878787878827 0.18636363636363634
1 0.45909090909090894 0.722727272727273 0.15151515151515135 0.1424242424242421
1 0.6477272727272724 0.6962121212121207 0.27424242424242473 0.2863636363636375
1 0.8409090909090906 0.5348484848484848 0.17878787878787913 0.16969696969696998
1 0.9431818181818179 0.4553030303030303 0.11363636363636276 0.15909090909090914
1 0.9015151515151508 0.7681818181818179 0.19696969696969563 0.3636363636363643
1 0.925 0.1462121212121212 0.14999999999999988 0.2924242424242424
1 0.7348484848484838 0.2136363636363635 0.309090909090908 0.30909090909090947
1 0.06818181818181818 0.7272727272727275 0.13636363636363635 0.2757575757575752
1 0.2628787878787879 0.6939393939393939 0.22575757575757577 0.1666666666666664
1 0.08712121212121214 0.17196969696969697 0.16818181818181824 0.19848484848484854
