1 0.18409090909090906 0.13333333333333336 0.2348484848484849 0.2666666666666667
1 0.4484848484848485 0.11287878787878788 0.2696969696969697 0.22575757575757577
1 0.8848484848484846 0.09242424242424241 0.23030303030302965 0.18484848484848482
1 0.8409090909090903 0.3712121212121211 0.3121212121212135 0.303030303030303
1 0.9015151515151512 0.6363636363636367 0.1969696969696971 0.2363636363636369
1 0.73030303030303 0.6287878787878788 0.154545454545454 0.17878787878787863
1 0.46742424242424185 0.3727272727272725 0.24393939393939307 0.2969696969696973
1 0.6386363636363634 0.44924242424242417 0.13484848484848458 0.23484848484848497
1 0.6772727272727272 0.2045454545454546 0.17878787878787888 0.2484848484848486
1 0.6416666666666666 0.03257575757575757 0.21969696969696956 0.06515151515151514
