1 0.228030303030303 0.6287878787878788 0.2257575757575757 0.1787878787878787
1 0.46969696969696967 0.5522727272727274 0.23636363636363641 0.2772727272727273
1 0.5348484848484848 0.6507575757575758 0.17878787878787888 0.12272727272727281
1 0.7060606060606059 0.5984848484848484 0.14545454545454548 0.11515151515151509
1 0.7598484848484844 0.7310606060606062 0.21060606060606044 0.19848484848484835
1 0.9189393939393917 0.8265151515151513 0.1621212121212143 0.2106060606060605
1 0.23333333333333336 0.8128787878787879 0.28181818181818186 0.26515151515151514
1 0.5272727272727269 0.9151515151515147 0.26060606060606084 0.16969696969697018
1 0.8083333333333342 0.9272727272727249 0.1439393939393947 0.1454545454545447
1 0.9272727272727272 0.4287878787878788 0.14545454545454548 0.190909090909091
1 0.7068181818181819 0.46060606060606063 0.21666666666666665 0.16363636363636375
1 0.4431818181818182 0.3924242424242424 0.19545454545454546 0.12121212121212123
1 0.6590909090909091 0.22575757575757574 0.14848484848484844 0.1
1 0.8431818181818181 0.22196969696969696 0.20757575757575764 0.1409090909090909
1 0.6143939393939394 0.37272727272727274 0.15909090909090914 0.1
1 0.857575757575757 0.34393939393939377 0.17272727272727412 0.12424242424242396
1 0.3007575757575757 0.9484848484848476 0.19545454545454546 0.10303030303030485
1 0.5295454545454548 0.7575757575757572 0.14999999999999988 0.1545454545454548
0 0.045454545454545456 0.19015151515151515 0.0393939393939394 0.18030303030303027
1 0.6871212121212145 0.28787878787878773 0.15909090909091017 0.09090909090909062
