1 0.18560606060606064 0.13636363636363635 0.24393939393939396 0.2727272727272727
1 0.4454545454545453 0.11287878787878788 0.27575757575757576 0.22575757575757577
1 0.47272727272727266 0.37272727272727274 0.26363636363636367 0.3030303030303031
1 0.6378787878787878 0.44469696969696976 0.14242424242424243 0.22575757575757577
1 0.7242424242424244 0.6280303030303032 0.1636363636363636 0.17727272727272728
1 0.8984848484848481 0.6325757575757572 0.20303030303030298 0.231818181818181
1 0.8477272727272726 0.3727272727272727 0.3045454545454542 0.3090909090909093
1 0.8856060606060602 0.09621212121212123 0.22878787878787782 0.19242424242424247
1 0.7022727272727275 0.20075757575757563 0.25000000000000006 0.24999999999999983
1 0.65 0.03484848484848485 0.24848484848484864 0.0696969696969697
