1 0.2553030303030303 0.8704545454545455 0.20454545454545456 0.1803030303030303
1 0.3765151515151516 0.7227272727272728 0.1621212121212121 0.1515151515151514
1 0.5916666666666667 0.6931818181818181 0.19242424242424236 0.19242424242424241
1 0.7666666666666666 0.7159090909090909 0.16969696969696982 0.18030303030303038
1 0.9280303030303031 0.667424242424242 0.14393939393939337 0.19848484848484835
1 0.7333333333333334 0.4856060606060606 0.2545454545454545 0.259090909090909
1 0.918939393939394 0.4454545454545455 0.1621212121212122 0.25151515151515147
1 0.9007575757575758 0.22424242424242422 0.19848484848484843 0.19696969696969696
1 0.6848484848484847 0.1401515151515151 0.3121212121212121 0.2803030303030302
1 0.3022700549686342 0.36479595584008334 0.26168808083138695 0.279823189098356
1 0.15833333333333324 0.10833333333333331 0.28636363636363626 0.21666666666666662
1 0.11742424242424242 0.3537878787878788 0.23484848484848483 0.2651515151515152
1 0.1462121212121212 0.6606060606060606 0.28030303030303033 0.3303030303030303
1 0.5429731283320768 0.45564579049046144 0.24953320425012207 0.29519873564186583
1 0.4249999999999996 0.06590909090909085 0.22878787878787854 0.1318181818181817
