1 0.10378787878787872 0.8666666666666663 0.19848484848484835 0.16666666666666594
1 0.31818181818181807 0.6939393939393935 0.178787878787879 0.17575757575757656
1 0.15303030303030302 0.13863636363636359 0.23333333333333328 0.21666666666666662
1 0.19090909090909094 0.33484848484848484 0.2 0.1666666666666666
1 0.43257575757575756 0.4227272727272728 0.17424242424242423 0.16666666666666663
1 0.26515151515151514 0.5007575757575757 0.23939393939393935 0.22575757575757568
1 0.7969696969696966 0.6393939393939375 0.22424242424242377 0.19393939393939302
1 0.6757575757575758 0.42954545454545384 0.3121212121212123 0.2803030303030296
1 0.7189393939393941 0.16818181818181802 0.22272727272727252 0.23939393939393905
1 0.9151515151515138 0.28257575757575765 0.16969696969696912 0.31060606060606083
1 0.8856060606060606 0.5 0.11060606060606062 0.12727272727272726
1 0.07651515151515137 0.40984848484848485 0.12575757575757546 0.15606060606060573
