1 0.31060606060606055 0.14393939393939395 0.2848484848484848 0.2878787878787879
1 0.5931818181818183 0.32651515151515154 0.24696969696969703 0.21363636363636368
1 0.7424242424242425 0.21136363636363636 0.2939393939393939 0.3196969696969697
1 0.9280303030303024 0.14545454545454542 0.1439393939393927 0.29090909090909084
1 0.9439393939393941 0.46893939393939393 0.11212121212121204 0.1893939393939393
1 0.8484848484848484 0.5174242424242425 0.18484848484848485 0.17727272727272733
1 0.9037878787878788 0.7696969696969697 0.19242424242424236 0.3424242424242424
1 0.6507575757575758 0.6946969696969697 0.24090909090909093 0.27424242424242407
1 0.5128787878787879 0.5287878787878788 0.2803030303030304 0.23333333333333336
1 0.19848484848484851 0.4196969696969697 0.28181818181818186 0.2636363636363636
1 0.09318181818181817 0.20227272727272727 0.16818181818181815 0.23484848484848483
1 0.056818181818181816 0.07045454545454542 0.11363636363636363 0.13787878787878782
1 0.10378787878787879 0.803030303030303 0.12272727272727274 0.19090909090909094
1 0.08409090909090908 0.6174242424242424 0.16818181818181815 0.1833333333333333
1 0.32954545454545453 0.8946969696969697 0.26818181818181813 0.21060606060606063
1 0.5878787878787876 0.9090909090909091 0.23939393939393983 0.17575757575757586
1 0.46060606060606063 0.7386363636363638 0.15454545454545446 0.14999999999999986
1 0.2772727272727273 0.6871212121212121 0.17575757575757578 0.16212121212121203
1 0.5143939393939394 0.1303030303030303 0.11060606060606056 0.2
