1 0.03636363636363636 0.3856060606060606 0.07272727272727272 0.12272727272727268
1 0.21485345525889865 0.44376212725451153 0.14696969696969653 0.1673147373064756
1 0.20530303030303032 0.3143939393939394 0.007575757575757542 0.007575757575757542
1 0.500232239870761 0.36486564567765956 0.18787878787878615 0.17878787878788205
1 0.12651515151515152 0.4992424242424242 0.1621212121212121 0.14696969696969694
1 0.2143939393939394 0.5901515151515152 0.15606060606060607 0.12272727272727274
1 0.30757575757575756 0.5143939393939394 0.1424242424242424 0.0803030303030303
1 0.506060606060606 0.5712121212121213 0.10606060606060609 0.16363636363636375
1 0.7131078670350877 0.557277283035884 0.1447841299912844 0.19566758596011455
1 0.9340909090909091 0.4674242424242425 0.13181818181818186 0.15909090909090914
1 0.8765151515151516 0.8310606060606059 0.13484848484848486 0.13181818181818195
1 0.4984848484848484 0.9000000000000001 0.17878787878787883 0.17878787878787883
1 0.3689393939393939 0.8613636363636364 0.11666666666666664 0.134848484848485
1 0.26590909090909093 0.9174242424242425 0.14393939393939395 0.09545454545454547
1 0.1340909090909091 0.9553030303030303 0.14393939393939395 0.08939393939393937
1 0.12878787878787878 0.8606060606060606 0.13939393939393938 0.10909090909090907
1 0.2553030303030303 0.8189393939393939 0.10151515151515145 0.08333333333333343
1 0.34015151515151515 0.75 0.11969696969696972 0.11818181818181812
1 0.45303030303030295 0.7083333333333333 0.11818181818181821 0.11969696969696969
1 0.5871212121212122 0.8196969696969697 0.11060606060606062 0.2
1 0.5757575757575758 0.6507575757575758 0.08787878787878789 0.10454545454545446
1 0.15606060606060607 0.7613636363636364 0.12121212121212122 0.08939393939393937
1 0.18333333333333335 0.6871212121212121 0.12424242424242425 0.07727272727272734
1 0.05227272727272727 0.6916666666666663 0.10454545454545454 0.23787878787878874
1 0.025757575757575757 0.947727272727272 0.051515151515151514 0.10454545454545311
1 0.3575757575757576 0.5992424242424242 0.10909090909090907 0.09242424242424249
