1 0.4560606060606061 0.3810606060606061 0.40909090909090906 0.4015151515151515
1 0.8916666666666666 0.5833333333333334 0.2166666666666667 0.3757575757575758
1 0.7075757575757575 0.640909090909091 0.2575757575757575 0.3575757575757576
1 0.22121212121212125 0.725 0.3242424242424243 0.4136363636363635
1 0.44393939393939374 0.8469696969696962 0.1636363636363633 0.30606060606060737
1 0.13863636363636364 0.40530303030303033 0.21060606060606063 0.29242424242424236
1 0.29090909090909095 0.12803030303030302 0.2090909090909091 0.25606060606060604
1 0.5977272727272728 0.10075757575757577 0.23787878787878797 0.1803030303030303
1 0.7992424242424243 0.2878787878787879 0.20454545454545453 0.29090909090909095
1 0.8969696969696969 0.06212121212121212 0.20606060606060608 0.12424242424242424
1 0.04924242424242425 0.17045454545454547 0.08333333333333334 0.14696969696969697
