1 0.8553030303030303 0.41515151515151516 0.28939393939393937 0.28787878787878785
1 0.6469696969696969 0.6310606060606063 0.35757575757575777 0.3257575757575753
1 0.08863636363636361 0.40227272727272734 0.17727272727272722 0.29242424242424253
1 0.042424242424242455 0.6401515151515147 0.08484848484848491 0.19545454545454571
1 0.21515151515151526 0.19015151515151527 0.2787878787878791 0.3378787878787881
1 0.7999999999999994 0.14166666666666655 0.28787878787878884 0.2833333333333331
1 0.3386363636363635 0.6401515151515152 0.28030303030303005 0.2924242424242422
1 0.1553030303030303 0.6946969696969697 0.12272727272727275 0.20151515151515148
1 0.218939393939394 0.8772727272727273 0.21969696969696975 0.22727272727272718
1 0.3984848484848482 0.8840909090909076 0.1969696969696969 0.20757575757575858
1 0.6712121212121213 0.8901515151515152 0.39090909090909093 0.2166666666666667
1 0.9212121212121213 0.9295454545454543 0.12727272727272743 0.140909090909091
1 0.9590909090909091 0.85 0.08181818181818173 0.1121212121212122
1 0.9553030303030332 0.7492424242424243 0.08939393939393372 0.09848484848484848
1 0.48257575757575777 0.32348484848484843 0.3409090909090901 0.33181818181818074
