1 0.27121212121212124 0.34621212121212125 0.2727272727272727 0.22878787878787882
1 0.4825757575757575 0.3893939393939394 0.14090909090909087 0.23939393939393935
1 0.6560606060606056 0.42121212121212126 0.3545454545454536 0.24242424242424238
1 0.8075757575757575 0.08863636363636364 0.15757575757575765 0.17727272727272728
1 0.9 0.18333333333333332 0.2 0.1939393939393939
1 0.9303030303030303 0.40151515151515155 0.13939393939393938 0.2484848484848485
1 0.8598484848484849 0.6196969696969696 0.23181818181818187 0.2
1 0.9113636363636364 0.8060606060606059 0.17424242424242437 0.18484848484848485
1 0.8984848484848484 0.9446969696969697 0.20303030303030298 0.11060606060606062
1 0.6833333333333335 0.7962121212121213 0.28181818181818175 0.2590909090909092
1 0.5098484848484849 0.8901515151515151 0.23484848484848492 0.2196969696969697
1 0.5825757575757575 0.6212121212121212 0.21060606060606055 0.20606060606060603
1 0.3643939393939394 0.7863636363636363 0.2772727272727273 0.22727272727272735
1 0.3053030303030303 0.628030303030303 0.24696969696969692 0.1833333333333333
1 0.19469696969696965 0.4757575757575758 0.1924242424242425 0.13030303030303012
1 0.05227272727272727 0.47878787878787876 0.10454545454545454 0.2666666666666668
1 0.1287878787878788 0.8227272727272728 0.23333333333333336 0.19696969696969702
1 0.11363636363636363 0.6863636363636363 0.16969696969696968 0.0939393939393939
1 0.6643939393939394 0.15075757575757576 0.15606060606060615 0.11363636363636365
1 0.5121212121212121 0.1765151515151515 0.10909090909090907 0.1681818181818182
1 0.6825757575757575 0.03712121212121213 0.07727272727272734 0.07424242424242426
