1 0.11742424242424242 0.4303030303030303 0.23484848484848483 0.32121212121212117
1 0.06893939393939395 0.13257575757575754 0.1378787878787879 0.2651515151515151
1 0.39848484848484844 0.5992424242424242 0.19999999999999996 0.16818181818181813
1 0.7272727272727272 0.782575757575756 0.23333333333333364 0.24393939393939396
1 0.2363636363636363 0.6954545454545454 0.2151515151515152 0.20303030303030384
1 0.11590909090909086 0.9272727272727253 0.12878787878787876 0.14545454545454434
1 0.31515151515151524 0.9113636363636364 0.23030303030303037 0.17727272727272714
1 0.8803030303030317 0.5166666666666664 0.18787878787878817 0.13030303030303064
1 0.9037878787878788 0.22424242424242422 0.19242424242424236 0.21818181818181814
1 0.8166666666666665 0.12803030303030305 0.12727272727272734 0.11060606060606062
1 0.7121212121212122 0.04621212121212121 0.1757575757575757 0.09242424242424242
1 0.5553030303030304 0.0446969696969697 0.12878787878787876 0.0893939393939394
1 0.3780303030303031 0.08636363636363634 0.21363636363636374 0.17272727272727267
1 0.5363636363636364 0.2492424242424242 0.20606060606060603 0.20454545454545453
1 0.7174242424242421 0.23787878787878775 0.16818181818181838 0.1666666666666666
1 0.918181818181817 0.05606060606060606 0.16363636363636588 0.11212121212121212
1 0.29545454545454464 0.3833333333333333 0.16060606060606017 0.1393939393939394
1 0.531060606060606 0.9287878787878765 0.22878787878787857 0.14242424242424245
1 0.4749999999999997 0.763636363636364 0.24393939393939326 0.1999999999999994
1 0.3454545454545452 0.49166666666666614 0.18484848484848462 0.08939393939393843
1 0.8659090909090901 0.8128787878787875 0.11969696969696891 0.16818181818181852
1 0.5045454545454545 0.40909090909090906 0.08484848484848491 0.09696969696969696
1 0.19242424242424241 0.22727272727272735 0.16969696969696973 0.18787878787878767
