1 0.10303030303030303 0.1628787878787879 0.20606060606060606 0.3257575757575758
1 0.12045454545454545 0.4265151515151515 0.19545454545454544 0.20151515151515142
1 0.16893939393939392 0.6257575757575757 0.21666666666666665 0.21818181818181814
1 0.16136363636363626 0.8659090909090904 0.2590909090909088 0.2681818181818172
1 0.31742424242424244 0.7727272727272728 0.11666666666666661 0.20909090909090908
1 0.8363636363636363 0.858333333333333 0.2757575757575759 0.2833333333333332
1 0.5189393939393935 0.8628787878787877 0.36818181818181805 0.2742424242424238
1 0.29999999999999993 0.4560606060606061 0.16666666666666685 0.19090909090909083
1 0.45303030303030306 0.3212121212121212 0.18787878787878795 0.1818181818181818
1 0.42727272727272736 0.14848484848484847 0.21818181818181817 0.21515151515151515
1 0.7 0.07878787878787878 0.2 0.15757575757575756
1 0.9212121212121213 0.054545454545454536 0.15757575757575765 0.10909090909090907
1 0.6159090909090905 0.2568181818181818 0.1893939393939393 0.16515151515151497
1 0.5871212121212118 0.4431818181818181 0.20151515151515173 0.18636363636363634
1 0.5212121212121208 0.6250000000000003 0.27272727272727265 0.19545454545454613
1 0.8007575757575757 0.521969696969697 0.22575757575757577 0.24090909090909104
1 0.34393939393939393 0.615909090909091 0.09999999999999996 0.10454545454545468
1 0.2643939393939394 0.15303030303030304 0.10151515151515149 0.196969696969697
